0	10	1	1
0.01	9.26946	3.5637	1.19088
0.02	8.84191	5.92145	1.58313
0.0313189	8.66686	8.4199	2.23531
0.0438503	8.79733	11.0579	3.20885
0.0569674	9.2445	13.7449	4.53959
0.0708383	10.0132	16.5428	6.36009
0.0855946	11.1147	19.4533	8.86757
0.101364	12.5533	22.3721	12.3313
0.118556	14.3304	25.0336	17.1533
0.135301	16.124	26.6404	22.8825
0.148805	17.478	26.8507	28.0609
0.162824	18.6461	25.7531	33.6063
0.175239	19.3563	23.5587	38.2621
0.187655	19.6618	20.291	42.2661
0.198825	19.5364	16.6372	45.0232
0.209995	19.0143	12.5921	46.8111
0.221165	18.1129	8.47008	47.592
0.232336	16.8805	4.56304	47.4488
0.243506	15.3873	1.09264	46.5544
0.254676	13.7148	-1.81271	45.1257
0.265846	11.9446	-4.11454	43.3788
0.277863	10.0142	-5.95328	41.3536
0.293805	7.53108	-7.53158	38.7058
0.311512	5.00157	-8.43245	36.0565
0.330436	2.64873	-8.76791	33.6801
0.349359	0.678456	-8.75242	31.7595
0.368282	-0.933647	-8.58344	30.2222
0.388402	-2.30716	-8.36475	28.9173
0.410706	-3.49599	-8.1621	27.7716
0.43301	-4.41507	-8.04506	26.8653
0.455314	-5.13732	-8.02806	26.1472
0.477618	-5.72207	-8.10909	25.5874
0.499922	-6.21541	-8.27774	25.1698
0.522226	-6.65165	-8.519	24.887
0.546454	-7.08872	-8.84251	24.73
0.572056	-7.52947	-9.22567	24.7333
0.599203	-7.98453	-9.64058	24.9243
0.627853	-8.45047	-10.039	25.3248
0.657659	-8.90506	-10.3517	25.9303
0.687464	-9.30236	-10.5028	26.676
0.717269	-9.6092	-10.4493	27.4842
0.747074	-9.7934	-10.1762	28.2589
0.778526	-9.82977	-9.67437	28.9313
0.81159	-9.68628	-8.98459	29.3767
0.839565	-9.43433	-8.35176	29.5
0.86754	-9.09174	-7.74724	29.3885
0.895515	-8.69515	-7.22806	29.0686
0.924922	-8.26307	-6.81567	28.5563
0.955859	-7.83701	-6.55135	27.8875
0.989155	-7.45501	-6.46278	27.097
1.02612	-7.16268	-6.58393	26.2237
1.0696	-7.02623	-6.98014	25.3173
1.11308	-7.12091	-7.59631	24.6541
1.15194	-7.38865	-8.28004	24.3498
1.19081	-7.80273	-9.02433	24.3788
1.22967	-8.32105	-9.74009	24.7756
1.2627	-8.79762	-10.2386	25.3958
1.29574	-9.25452	-10.5503	26.2299
1.32877	-9.63368	-10.604	27.1879
1.3618	-9.87774	-10.3624	28.1412
1.39483	-9.94293	-9.84384	28.9448
1.42441	-9.8346	-9.20728	29.4338
1.45399	-9.57896	-8.4957	29.6473
1.48358	-9.20687	-7.80027	29.5748
1.51316	-8.76314	-7.19826	29.2453
1.54274	-8.29754	-6.74111	28.714
1.57232	-7.85655	-6.45278	28.0469
1.60492	-7.44381	-6.33287	27.2324
1.64084	-7.11745	-6.4228	26.3278
1.68318	-6.9376	-6.78671	25.3644
1.72813	-6.99965	-7.42098	24.5865
1.76663	-7.24947	-8.11574	24.2088
1.80514	-7.6568	-8.88979	24.1647
1.84365	-8.18325	-9.65953	24.498
1.8768	-8.68799	-10.2311	25.0925
1.90995	-9.18738	-10.6257	25.9355
1.9431	-9.62005	-10.759	26.9431
1.97626	-9.92191	-10.5764	27.9839
2.00941	-10.0396	-10.0808	28.8992
2.03892	-9.96656	-9.43331	29.4883
2.06843	-9.73063	-8.68137	29.7914
2.09795	-9.36013	-7.92488	29.7861
2.12746	-8.90064	-7.25261	29.4957
2.15697	-8.40537	-6.72635	28.9757
2.18648	-7.92555	-6.37697	28.2962
2.21797	-7.47824	-6.20497	27.4747
2.2525	-7.10636	-6.23871	26.5472
2.29219	-6.86591	-6.52786	25.5509
2.33682	-6.85073	-7.11737	24.6419
2.37666	-7.05894	-7.82855	24.1173
2.41651	-7.45452	-8.65526	23.9449
2.45635	-8.00014	-9.51357	24.1871
2.48896	-8.51755	-10.154	24.7135
2.52302	-9.07269	-10.6626	25.5572
2.55708	-9.57604	-10.9041	26.6248
2.58613	-9.90763	-10.8371	27.6098
2.61517	-10.103	-10.5009	28.5452
2.64552	-10.1287	-9.89428	29.3426
2.67587	-9.9622	-9.10998	29.8501
2.70254	-9.6718	-8.3652	30.0104
2.72921	-9.27739	-7.65152	29.9028
2.75588	-8.81891	-7.03363	29.5578
2.78362	-8.32015	-6.53749	29.0011
2.81286	-7.81921	-6.19917	28.2663
2.84428	-7.35589	-6.04634	27.3883
2.87889	-6.977	-6.10914	26.4062
2.91907	-6.74173	-6.44303	25.3534
2.96416	-6.75213	-7.09211	24.4098
3.00319	-6.9865	-7.83821	23.8929
3.04222	-7.40768	-8.69878	23.735
3.08126	-7.97917	-9.59177	23.9994
3.11395	-8.53191	-10.2755	24.5679
3.14778	-9.11942	-10.8142	25.4685
3.17801	-9.60086	-11.0589	26.4788
3.20824	-9.98164	-11.012	27.5779
3.23847	-10.2074	-10.6485	28.6291
3.2687	-10.2392	-10.0013	29.4875
3.29893	-10.0649	-9.16106	30.0351
3.32473	-9.76759	-8.38557	30.2086
3.35052	-9.36373	-7.64027	30.1105
3.37632	-8.89247	-6.98999	29.7712
3.40344	-8.37075	-6.45503	29.2084
3.43201	-7.84188	-6.08022	28.4585
3.46268	-7.34584	-5.8931	27.5564
3.49633	-6.92966	-5.92216	26.5411
3.53492	-6.65021	-6.21462	25.4473
3.57989	-6.6065	-6.84376	24.3936
3.61947	-6.81197	-7.60441	23.7649
3.65905	-7.22505	-8.50562	23.5051
3.69864	-7.81126	-9.46926	23.6902
3.73139	-8.38791	-10.2264	24.2147
3.76546	-9.021	-10.863	25.1101
3.79559	-9.55156	-11.1969	26.1467
3.82573	-9.99167	-11.2329	27.3131
3.85586	-10.2804	-10.9282	28.4693
3.886	-10.3696	-10.301	29.4561
3.91613	-10.2374	-9.43563	30.1337
3.9412	-9.96693	-8.62854	30.3999
3.96627	-9.57706	-7.83019	30.384
3.99134	-9.1047	-7.11174	30.1097
4.01757	-8.56811	-6.49963	29.5957
4.04505	-8.00982	-6.0425	28.8774
4.07439	-7.46841	-5.76873	27.9882
4.10632	-6.98953	-5.70504	26.9666
4.14207	-6.62597	-5.88527	25.8511
4.18616	-6.4535	-6.41097	24.6435
4.2248	-6.55212	-7.0988	23.8367
4.26345	-6.86969	-7.95619	23.3531
4.30209	-7.3817	-8.92828	23.2741
4.34074	-8.04828	-9.9237	23.6691
4.37235	-8.66382	-10.6556	24.3677
4.40543	-9.31522	-11.2206	25.4349
4.43393	-9.82276	-11.4453	26.5595
4.46243	-10.2207	-11.3585	27.7635
4.49093	-10.4549	-10.9373	28.9063
4.51943	-10.4864	-10.2177	29.8404
4.54792	-10.3028	-9.29443	30.4462
4.5727	-9.98256	-8.4268	30.656
4.59748	-9.54422	-7.59003	30.57
4.62226	-9.02896	-6.85486	30.2213
4.64817	-8.4567	-6.24451	29.6337
4.67547	-7.86853	-5.80106	28.8424
4.70478	-7.30537	-5.55207	27.8824
4.7368	-6.81551	-5.52337	26.7936
4.77293	-6.45388	-5.75072	25.6121
4.81782	-6.30621	-6.34833	24.3422
4.85406	-6.42655	-7.04241	23.5668
4.89278	-6.776	-7.95453	23.0714
4.93151	-7.32898	-8.9896	23.005
4.97023	-8.04479	-10.0523	23.4446
5.00131	-8.69215	-10.8214	24.1908
5.03414	-9.38342	-11.4224	25.3345
5.0619	-9.91361	-11.6592	26.5164
5.08966	-10.3329	-11.5743	27.783
5.11742	-10.5859	-11.1416	28.9917
5.14519	-10.6315	-10.3951	29.9903
5.17295	-10.4549	-9.42976	30.6537
5.19714	-10.1324	-8.51319	30.9042
5.22134	-9.68358	-7.62214	30.8458
5.24554	-9.14979	-6.83171	30.5108
5.27075	-8.55307	-6.16868	29.9265
5.29729	-7.93292	-5.67419	29.1276
5.32574	-7.33013	-5.37612	28.149
5.35673	-6.7933	-5.29915	27.0307
5.39138	-6.37661	-5.47255	25.811
5.43389	-6.15096	-5.9916	24.4755
5.47077	-6.20782	-6.66963	23.5507
5.50766	-6.48646	-7.52738	22.9226
5.54454	-6.96841	-8.52871	22.6702
5.58329	-7.66293	-9.66454	22.896
5.61603	-8.36095	-10.5953	23.5313
5.64878	-9.1043	-11.3701	24.5808
5.67768	-9.73602	-11.8027	25.804
5.70657	-10.2747	-11.8935	27.2012
5.73547	-10.6482	-11.5781	28.6139
5.76437	-10.7952	-10.8628	29.852
5.78951	-10.712	-9.9841	30.649
5.81465	-10.4344	-8.97232	31.1024
5.83979	-9.98958	-7.94382	31.1865
5.86493	-9.42346	-7.00299	30.9263
5.89007	-8.79174	-6.22377	30.3821
5.91521	-8.14993	-5.64389	29.6301
5.94239	-7.49967	-5.24855	28.6705
5.97181	-6.89701	-5.07144	27.5518
6.00425	-6.39481	-5.13497	26.3152
6.04183	-6.05163	-5.48601	24.9785
6.07619	-5.96507	-6.02271	23.9207
6.11502	-6.1183	-6.84221	22.9945
6.15385	-6.52053	-7.85864	22.4415
6.19267	-7.14781	-9.02482	22.3608
6.2315	-7.9611	-10.2439	22.8502
6.26196	-8.68509	-11.1254	23.6753
6.29453	-9.47606	-11.8449	24.9722
6.32095	-10.0682	-12.1435	26.2738
6.34864	-10.5714	-12.0883	27.7556
6.37633	-10.8867	-11.6141	29.1891
6.40402	-10.9607	-10.7534	30.3856
6.42772	-10.8145	-9.79434	31.0993
6.45141	-10.4842	-8.73821	31.4637
6.4751	-10.0003	-7.69446	31.4695
6.4988	-9.40846	-6.75588	31.1505
6.52249	-8.76104	-5.98481	30.5687
6.54752	-8.07289	-5.38415	29.749
6.57432	-7.38697	-4.98591	28.7282
6.60342	-6.75271	-4.81328	27.5471
6.63552	-6.22505	-4.88625	26.2482
6.67285	-5.86131	-5.25112	24.8402
6.70486	-5.764	-5.76176	23.7851
6.74272	-5.89336	-6.57131	22.7888
6.78059	-6.27147	-7.58236	22.1457
6.81845	-6.87852	-8.76161	21.9519
6.8579	-7.72182	-10.0871	22.3391
6.88892	-8.49534	-11.0896	23.1269
6.92208	-9.36457	-11.9624	24.4495
6.94828	-10.0191	-12.3769	25.7945
6.97605	-10.6069	-12.4348	27.3932
7.00381	-11.0084	-12.0318	28.9938
7.03158	-11.1567	-11.1793	30.3827
7.05477	-11.0594	-10.1992	31.2377
7.07795	-10.7628	-9.08445	31.734
7.10114	-10.2931	-7.95271	31.8486
7.12433	-9.69431	-6.90933	31.6072
7.14752	-9.02009	-6.02957	31.07
7.17071	-8.32476	-5.3527	30.3131
7.19629	-7.59009	-4.85015	29.3129
7.22391	-6.88861	-4.57323	28.1338
7.25414	-6.27435	-4.53827	26.8193
7.28819	-5.80226	-4.76797	25.3982
7.32536	-5.55898	-5.27816	24.0033
7.35908	-5.5744	-5.94023	22.941
7.3928	-5.80147	-6.77628	22.1303
7.42653	-6.22783	-7.7753	21.6354
7.46293	-6.89598	-9.00775	21.5429
7.50273	-7.84082	-10.447	22.0846
7.53232	-8.64737	-11.4622	22.9845
7.56485	-9.56657	-12.3486	24.4677
7.58993	-10.2342	-12.7345	25.9075
7.61679	-10.8333	-12.7425	27.6112
7.64366	-11.2341	-12.266	29.2969
7.67052	-11.3696	-11.3242	30.7436
7.69276	-11.2552	-10.2753	31.618
7.715	-10.9391	-9.09564	32.1219
7.73723	-10.4476	-7.90429	32.2357
7.75947	-9.82472	-6.80677	31.9879
7.78171	-9.12372	-5.8779	31.4405
7.80495	-8.36579	-5.12881	30.6315
7.8298	-7.58681	-4.58636	29.5943
7.8567	-6.83542	-4.27449	28.3693
7.88608	-6.16915	-4.20813	27.0046
7.91896	-5.64246	-4.40189	25.5309
7.96136	-5.3104	-4.97479	23.8189
7.99119	-5.30009	-5.56071	22.7957
8.02503	-5.4973	-6.39582	21.8686
8.05888	-5.90464	-7.40792	21.2514
8.09273	-6.51108	-8.58402	21.022
8.13074	-7.40945	-10.0436	21.3406
8.16408	-8.3507	-11.3302	22.2181
8.19743	-9.36764	-12.4324	23.7004
8.22275	-10.1242	-12.9901	25.1969
8.25004	-10.8412	-13.1698	27.0554
8.27353	-11.3057	-12.8911	28.7112
8.29702	-11.5686	-12.1923	30.2471
8.32136	-11.5847	-11.0827	31.5339
8.34275	-11.3713	-9.88848	32.2933
8.36414	-10.9589	-8.61319	32.6527
8.38552	-10.3825	-7.37637	32.6157
8.40691	-9.69105	-6.27454	32.2296
8.4283	-8.93947	-5.36875	31.5671
8.45135	-8.12206	-4.63983	30.6352
8.47614	-7.29467	-4.13487	29.4815
8.50308	-6.5107	-3.87316	28.1505
8.53256	-5.83054	-3.86276	26.693
8.56602	-5.30344	-4.11799	25.1187
8.59458	-5.05718	-4.51161	23.888
8.6264	-4.99101	-5.11265	22.678
8.65822	-5.13003	-5.87617	21.6777
8.69004	-5.46277	-6.80421	20.9356
8.72335	-6.01052	-7.9533	20.5028
8.75919	-6.81751	-9.36915	20.5322
8.79855	-7.93632	-11.0368	21.3049
8.82679	-8.84783	-12.1701	22.415
8.85853	-9.90362	-13.1683	24.2288
8.88167	-10.6262	-13.5618	25.8682
8.90707	-11.2915	-13.5355	27.8384
8.93247	-11.7375	-12.9552	29.7804
8.95786	-11.8896	-11.8429	31.4453
8.97828	-11.7705	-10.6529	32.4302
8.99944	-11.4224	-9.27095	33.0319
9.02059	-10.8736	-7.87486	33.1868
9.04174	-10.1724	-6.58782	32.9301
9.06289	-9.37771	-5.49613	32.3357
9.08404	-8.54958	-4.64272	31.4931
9.10726	-7.66438	-3.98594	30.3849
9.13242	-6.79307	-3.57396	29.0729
9.15983	-5.99647	-3.41655	27.6095
9.19	-5.33216	-3.51144	26.0379
9.22641	-4.83301	-3.90069	24.2748
9.25551	-4.65832	-4.38162	23.0089
9.28792	-4.67918	-5.07592	21.7856
9.32032	-4.91104	-5.94048	20.7987
9.35273	-5.34431	-6.98714	20.103
9.38513	-5.9749	-8.22232	19.773
9.42171	-6.91797	-9.8172	19.9619
9.46076	-8.16679	-11.6271	20.9952
9.48731	-9.11593	-12.7696	22.2693
9.51802	-10.2314	-13.7675	24.3235
9.53996	-10.9694	-14.1113	26.1016
9.56427	-11.6448	-13.9977	28.2223
9.58858	-12.0844	-13.2966	30.2821
9.61288	-12.2142	-12.0432	32.0225
9.63225	-12.0693	-10.7485	33.0293
9.65238	-11.6894	-9.26083	33.6365
9.67251	-11.1051	-7.76952	33.7815
9.69264	-10.3652	-6.39923	33.5048
9.71277	-9.52891	-5.23595	32.8848
9.7336	-8.62593	-4.2943	31.9807
9.75595	-7.67921	-3.58295	30.822
9.78026	-6.73858	-3.12457	29.4518
9.8067	-5.86953	-2.92752	27.9284
9.83564	-5.13235	-2.98104	26.3018
9.86974	-4.55398	-3.30023	24.5055
9.89831	-4.2953	-3.7273	23.1325
9.92983	-4.22604	-4.34358	21.7837
9.96136	-4.36378	-5.11353	20.6383
9.99289	-4.69624	-6.05379	19.7363
10.0244	-5.21983	-7.18521	19.135
10.0586	-6.00614	-8.64053	18.9171
10.0963	-7.13634	-10.484	19.3631
10.134	-8.51162	-12.412	20.7357
10.159	-9.5092	-13.5586	22.2345
10.1852	-10.5577	-14.4409	24.306
10.2081	-11.3936	-14.7674	26.4369
10.2309	-12.069	-14.5446	28.7035
10.2537	-12.4965	-13.711	30.8727
10.2766	-12.605	-12.3153	32.6852
10.295	-12.4348	-10.8863	33.7384
10.3141	-12.0218	-9.27011	34.3616
10.3332	-11.3981	-7.66031	34.5019
10.3523	-10.6136	-6.18478	34.2058
10.3714	-9.72783	-4.93063	33.5571
10.3913	-8.76329	-3.90411	32.6117
10.4126	-7.74546	-3.11909	31.4035
10.4359	-6.72329	-2.59727	29.9759
10.4612	-5.76565	-2.34544	28.3919
10.4887	-4.93878	-2.34477	26.7135
10.52	-4.27049	-2.58034	24.9106
10.5461	-3.92057	-2.91113	23.5203
10.5757	-3.72568	-3.40521	22.075
10.6053	-3.72343	-4.01884	20.7896
10.6349	-3.89643	-4.76433	19.6849
10.6646	-4.23655	-5.66529	18.7918
10.6942	-4.74452	-6.74914	18.1565
10.7286	-5.55532	-8.2669	17.8335
10.7673	-6.763	-10.2945	18.1867
10.7987	-7.96836	-12.0991	19.2139
10.832	-9.41976	-13.9347	21.2057
10.8554	-10.4797	-14.9529	23.1981
10.8779	-11.4479	-15.5119	25.5101
10.9004	-12.2751	-15.4855	28.0603
10.9229	-12.8582	-14.7605	30.6004
10.9454	-13.1042	-13.3436	32.8245
10.9631	-13.0213	-11.8408	34.1627
10.9816	-12.6691	-10.0567	35.0615
11.0001	-12.0685	-8.22179	35.4158
11.0185	-11.2671	-6.49412	35.26
11.037	-10.3277	-4.99031	34.6799
11.0555	-9.31759	-3.77341	33.7853
11.0751	-8.23432	-2.80832	32.6089
11.0965	-7.11467	-2.11282	31.1893
11.1199	-6.02168	-1.69958	29.5838
11.1451	-5.03644	-1.55477	27.8751
11.1728	-4.20183	-1.63833	26.0868
11.2042	-3.54732	-1.92743	24.1927
11.2283	-3.23419	-2.24176	22.8505
11.2543	-3.05463	-2.6524	21.5117
11.2804	-3.01888	-3.13651	20.2902
11.3064	-3.11195	-3.70492	19.1932
11.3324	-3.32576	-4.37649	18.2331
11.3605	-3.69147	-5.24644	17.3721
11.3918	-4.27156	-6.43149	16.677
11.4291	-5.2256	-8.19628	16.3282
11.461	-6.29381	-10.0272	16.6012
11.4953	-7.71317	-12.2536	17.7103
11.5261	-9.20357	-14.2842	19.646
11.5507	-10.4786	-15.6718	21.9281
11.5734	-11.6279	-16.5007	24.5695
11.596	-12.645	-16.6539	27.5777
11.6146	-13.2868	-16.143	30.1079
11.6339	-13.6915	-14.9585	32.5711
11.6533	-13.761	-13.1856	34.594
11.6697	-13.534	-11.3561	35.8109
11.6862	-13.0516	-9.39167	36.4966
11.7026	-12.3446	-7.45255	36.652
11.719	-11.4619	-5.67401	36.3349
11.7355	-10.4621	-4.14767	35.6396
11.7528	-9.34553	-2.85681	34.6121
11.7715	-8.1481	-1.83849	33.3037
11.7918	-6.91023	-1.11078	31.7589
11.8141	-5.70115	-0.680752	30.0445
11.838	-4.61544	-0.522559	28.2649
11.8638	-3.68528	-0.575556	26.4354
11.8865	-3.06905	-0.736648	24.9297
11.9107	-2.59409	-0.97527	23.43
11.9349	-2.27739	-1.25657	22.0309
11.959	-2.09274	-1.57036	20.7278
11.9832	-2.01877	-1.91815	19.5178
12.0074	-2.03995	-2.30932	18.3998
12.0315	-2.14674	-2.75866	17.3753
12.0566	-2.34418	-3.30728	16.4155
12.0842	-2.66565	-4.03764	15.4945
12.1165	-3.19355	-5.11036	14.6303
12.1565	-4.12123	-6.87147	13.9775
12.1898	-5.17588	-8.78216	13.9472
12.2194	-6.36797	-10.8419	14.4995
12.2501	-7.88343	-13.2751	15.8961
12.2808	-9.65675	-15.7586	18.4146
12.3026	-11.0153	-17.2752	21.0103
12.3241	-12.3318	-18.2505	24.1862
12.343	-13.3807	-18.443	27.3724
12.3619	-14.2117	-17.8256	30.6707
12.3809	-14.7147	-16.3335	33.7492
12.3972	-14.8165	-14.4113	35.9575
12.4136	-14.5779	-12.072	37.5488
12.43	-14.0044	-9.54206	38.4238
12.4446	-13.24	-7.3113	38.6013
12.4592	-12.2871	-5.26025	38.2738
12.4739	-11.2031	-3.48621	37.5434
12.4894	-9.97799	-1.96084	36.4574
12.5059	-8.65491	-0.737358	35.084
12.5239	-7.26656	0.171181	33.4741
12.5438	-5.86931	0.760224	31.6894
12.5656	-4.53306	1.05396	29.7935
12.5891	-3.35599	1.10891	27.8902
12.6134	-2.39963	1.01436	26.0642
12.6348	-1.75521	0.877104	24.5778
12.6562	-1.26291	0.728968	23.1894
12.6776	-0.893244	0.590647	21.8885
12.699	-0.619569	0.472	20.6661
12.718	-0.438856	0.385986	19.6423
12.737	-0.302632	0.317852	18.6709
12.7559	-0.200228	0.266214	17.7484
12.7749	-0.123114	0.229207	16.872
12.7939	-0.064562	0.204911	16.0392
12.8138	-0.0173477	0.191202	15.2095
12.8337	0.0198656	0.187997	14.4228
12.855	0.0526228	0.194907	13.6271
12.8773	0.0827629	0.212811	12.84
12.901	0.113319	0.243571	12.0553
12.9261	0.147382	0.290346	11.2751
12.9527	0.188726	0.358218	10.5029
12.9809	0.242081	0.454761	9.74634
13.0102	0.313253	0.590265	9.01822
13.0394	0.406762	0.773071	8.34762
13.0687	0.531018	1.0196	7.7323
13.098	0.69726	1.35255	7.17186
13.1273	0.920709	1.80307	6.66889
13.1566	1.22208	2.4137	6.23128
13.1829	1.5819	3.14507	5.90807
13.2092	2.05412	4.10606	5.67493
13.2354	2.67385	5.36545	5.57412
13.2617	3.4857	7.00588	5.67909
13.2891	4.59625	9.21988	6.14341
13.3123	5.79419	11.5505	6.98549
13.3363	7.33078	14.417	8.53096
13.3563	8.8631	17.0888	10.5749
13.3771	10.6839	19.9319	13.6715
13.3978	12.6735	22.4557	17.9611
13.4186	14.6841	24.0498	23.4682
13.4325	15.9202	24.2295	27.6736
13.4481	17.067	23.3028	32.5704
13.4617	17.7497	21.4137	36.6472
13.4754	18.0412	18.5794	40.156
13.4876	17.9214	15.4102	42.5606
13.4999	17.4277	11.9029	44.1092
13.5121	16.5806	8.33633	44.768
13.5244	15.4294	4.96746	44.6111
13.5366	14.0442	1.98894	43.7919
13.5489	12.5041	-0.490355	42.5007
13.5611	10.8868	-2.44115	40.9252
13.5733	9.26091	-3.8944	39.2235
13.5904	7.08573	-5.21715	36.8596
13.6092	4.8932	-5.97764	34.4328
13.6292	2.89043	-6.26981	32.1845
13.6492	1.22715	-6.2793	30.2661
13.6692	-0.123737	-6.17348	28.6316
13.69	-1.24556	-6.05112	27.1772
13.7107	-2.13842	-5.98029	25.9214
13.7315	-2.85855	-5.99498	24.829
13.7522	-3.45611	-6.11084	23.8788
13.773	-3.97367	-6.33329	23.0601
13.7938	-4.44626	-6.66221	22.371
13.8155	-4.92296	-7.11664	21.7933
13.8383	-5.43201	-7.7096	21.3559
13.8626	-6.00339	-8.4542	21.104
13.8885	-6.66847	-9.35832	21.1083
13.9164	-7.45708	-10.4103	21.4742
13.9465	-8.38078	-11.54	22.338
13.9778	-9.37663	-12.5439	23.7707
14.0031	-10.1555	-13.081	25.2971
14.0297	-10.8659	-13.2307	27.1311
14.0534	-11.338	-12.9255	28.8138
14.077	-11.599	-12.1901	30.3667
14.1006	-11.608	-11.0835	31.6163
14.1243	-11.3527	-9.73284	32.4295
14.145	-10.9292	-8.48065	32.7328
14.1656	-10.354	-7.27655	32.663
14.1863	-9.67315	-6.20681	32.2667
14.2081	-8.89872	-5.28548	31.5727
14.2311	-8.07376	-4.56304	30.621
14.2559	-7.24034	-4.06656	29.4484
14.2829	-6.45347	-3.81511	28.1011
14.3124	-5.77366	-3.81545	26.6298
14.346	-5.24884	-4.08268	25.0387
14.3729	-5.01758	-4.45638	23.8729
14.4047	-4.94699	-5.0561	22.6498
14.4365	-5.08236	-5.81824	21.6357
14.4683	-5.41209	-6.74557	20.8784
14.5015	-5.95421	-7.88961	20.4292
14.5371	-6.75543	-9.30449	20.4336
14.5762	-7.86803	-10.9787	21.1694
14.605	-8.80157	-12.1553	22.2815
14.6369	-9.87757	-13.1931	24.1051
14.66	-10.6121	-13.6123	25.7514
14.6855	-11.2962	-13.6131	27.7484
14.7109	-11.7616	-13.0502	29.7293
14.7363	-11.9304	-11.94	31.4387
14.7567	-11.822	-10.7474	32.453
14.7778	-11.4815	-9.35164	33.0846
14.7989	-10.936	-7.93503	33.2633
14.82	-10.2334	-6.62406	33.0227
14.8411	-9.43317	-5.50827	32.4366
14.8622	-8.59623	-4.63298	31.5958
14.8852	-7.70408	-3.95939	30.4911
14.9102	-6.82229	-3.53073	29.1794
14.9374	-6.01208	-3.35738	27.7135
14.9672	-5.33206	-3.43615	26.1392
15.0029	-4.81502	-3.80037	24.3854
15.0317	-4.61869	-4.26185	23.1058
15.0642	-4.61524	-4.94164	21.8441
15.0968	-4.82624	-5.7919	20.8152
15.1293	-5.24124	-6.82547	20.0723
15.1618	-5.85616	-8.0518	19.6885
15.1979	-6.76898	-9.62106	19.8009
15.2371	-8.01121	-11.4607	20.7427
15.2644	-8.98727	-12.6729	21.9905
15.2922	-10.0167	-13.6648	23.7893
15.3167	-10.8708	-14.1531	25.7399
15.3411	-11.5903	-14.1309	27.8926
15.3655	-12.082	-13.5083	30.0241
15.39	-12.2648	-12.3023	31.8663
15.4095	-12.1574	-11.0166	32.9624
15.4297	-11.8074	-9.51034	33.6582
15.4499	-11.241	-7.9782	33.8765
15.4701	-10.5061	-6.55443	33.652
15.4904	-9.66335	-5.33475	33.0623
15.5106	-8.77509	-4.36821	32.2033
15.5326	-7.82245	-3.61276	31.0713
15.5565	-6.8673	-3.10968	29.7207
15.5825	-5.973	-2.86906	28.2071
15.6108	-5.20355	-2.88116	26.5875
15.6436	-4.58816	-3.14889	24.8181
15.6704	-4.29311	-3.51543	23.4896
15.7021	-4.16102	-4.09459	22.0678
15.7339	-4.24421	-4.82625	20.843
15.7657	-4.52742	-5.72522	19.8519
15.7975	-5.00496	-6.81435	19.1471
15.8306	-5.71152	-8.17076	18.7991
15.8675	-6.75308	-9.93385	19.0199
15.9044	-8.04738	-11.8511	20.0773
15.9322	-9.14822	-13.2274	21.5395
15.959	-10.2445	-14.2863	23.5182
15.9827	-11.1644	-14.8084	25.6733
16.0064	-11.941	-14.7678	28.0489
16.0276	-12.4295	-14.1728	30.1517
16.0487	-12.6592	-13.0559	32.0245
16.0698	-12.5884	-11.5155	33.4689
16.0882	-12.2767	-9.96954	34.2671
16.1065	-11.7518	-8.37263	34.6056
16.1249	-11.0523	-6.85297	34.5069
16.1432	-10.2294	-5.50885	34.0347
16.1624	-9.2979	-4.35421	33.2348
16.1828	-8.29301	-3.42922	32.1511
16.2049	-7.25462	-2.75897	30.8231
16.229	-6.24147	-2.35941	29.3023
16.2551	-5.32757	-2.22478	27.6603
16.2839	-4.56101	-2.32876	25.9253
16.3173	-3.97335	-2.67186	24.0499
16.3441	-3.71467	-3.07085	22.6759
16.3725	-3.6216	-3.59779	21.3557
16.4008	-3.69585	-4.23607	20.1893
16.4292	-3.92559	-5.00269	19.1974
16.4576	-4.30712	-5.92166	18.4113
16.4894	-4.91965	-7.16356	17.8325
16.5253	-5.86151	-8.8637	17.6813
16.5584	-6.97228	-10.6828	18.175
16.5929	-8.36756	-12.7089	19.5432
16.6197	-9.57082	-14.1725	21.3215
16.6453	-10.743	-15.2376	23.6248
16.6674	-11.6896	-15.6863	26.0126
16.6895	-12.477	-15.5245	28.5934
16.7116	-13.0044	-14.6595	31.1084
16.7337	-13.1848	-13.1243	33.2544
16.751	-13.0519	-11.5713	34.4978
16.769	-12.6549	-9.76461	35.2985
16.7871	-12.021	-7.93694	35.5657
16.8051	-11.1988	-6.23631	35.3428
16.8232	-10.2502	-4.7681	34.7185
16.8413	-9.23974	-3.58627	33.8004
16.8609	-8.13758	-2.63389	32.5871
16.8823	-7.0034	-1.95597	31.1355
16.9057	-5.9021	-1.56223	29.5053
16.9309	-4.91584	-1.4347	27.7817
16.9587	-4.08027	-1.53105	25.9748
16.9854	-3.51014	-1.77238	24.349
17.0131	-3.1328	-2.12343	22.7882
17.0407	-2.94186	-2.55493	21.3556
17.0684	-2.91127	-3.06626	20.0549
17.0961	-3.02315	-3.67173	18.8941
17.1237	-3.26872	-4.39556	17.8877
17.1514	-3.64804	-5.26831	17.06
17.1835	-4.26782	-6.51417	16.3747
17.2228	-5.31688	-8.43584	16.0793
17.254	-6.41	-10.2957	16.4399
17.2875	-7.84738	-12.5345	17.6466
17.321	-9.52072	-14.7645	19.9535
17.3428	-10.6758	-15.9669	22.125
17.3648	-11.8098	-16.732	24.8137
17.3869	-12.8045	-16.8146	27.8401
17.4054	-13.4403	-16.2267	30.4343
17.4239	-13.8139	-15.0096	32.8321
17.4424	-13.8688	-13.2415	34.7987
17.459	-13.6268	-11.3377	36.0389
17.4755	-13.1186	-9.29983	36.7207
17.4921	-12.378	-7.29798	36.8487
17.5086	-11.4574	-5.47383	36.4882
17.5252	-10.4194	-3.92084	35.7419
17.5424	-9.27991	-2.63415	34.6751
17.561	-8.06073	-1.62502	33.331
17.5813	-6.80357	-0.910489	31.7552
17.6035	-5.58104	-0.495551	30.0188
17.6272	-4.48989	-0.349612	28.2308
17.653	-3.55241	-0.408665	26.3907
17.6742	-2.96532	-0.557176	24.9715
17.6974	-2.48927	-0.777745	23.5125
17.7206	-2.16172	-1.03412	22.1477
17.7438	-1.95796	-1.31574	20.872
17.767	-1.85742	-1.62246	19.6815
17.7903	-1.84454	-1.96112	18.5741
17.8135	-1.90895	-2.34335	17.5495
17.8376	-2.05186	-2.80261	16.5754
17.8637	-2.29317	-3.39522	15.6303
17.8932	-2.68106	-4.22146	14.7166
17.928	-3.32173	-5.4812	13.8936
17.9626	-4.19808	-7.1256	13.4496
17.9973	-5.37088	-9.24188	13.5564
18.0252	-6.57102	-11.3063	14.2344
18.0549	-8.11451	-13.7686	15.7825
18.0846	-9.90385	-16.242	18.4554
18.1061	-11.2898	-17.7456	21.2096
18.1268	-12.5936	-18.6475	24.4648
18.1475	-13.7467	-18.722	28.1336
18.1641	-14.4645	-18.0232	31.1546
18.1817	-14.9223	-16.5149	34.1
18.1992	-15.0039	-14.3084	36.5114
18.2137	-14.7612	-12.1145	37.9303
18.2282	-14.2427	-9.76871	38.7523
18.2427	-13.4775	-7.44879	38.9803
18.2572	-12.5133	-5.3066	38.6793
18.2717	-11.4089	-3.44735	37.9544
18.2868	-10.1711	-1.86283	36.8735
18.3029	-8.83173	-0.585439	35.5022
18.3204	-7.42223	0.372436	33.8937
18.3397	-5.99426	1.00698	32.108
18.3619	-4.5582	1.34833	30.1246
18.385	-3.32785	1.42466	28.2014
18.4081	-2.35363	1.35028	26.428
18.4299	-1.64194	1.22273	24.8844
18.4516	-1.09584	1.08567	23.4487
18.4734	-0.681996	0.964397	22.108
18.4919	-0.411132	0.883321	21.034
18.5104	-0.197679	0.826296	20.0162
18.5289	-0.0277554	0.794397	19.0504
18.5474	0.110248	0.787563	18.1334
18.566	0.225925	0.805368	17.2623
18.5845	0.327184	0.847535	16.435
18.6041	0.426349	0.919311	15.6011
18.6248	0.528021	1.02564	14.775
18.6465	0.639456	1.17451	13.958
18.6693	0.769148	1.3773	13.1544
18.6932	0.927447	1.64985	12.3714
18.7181	1.12696	2.0133	11.621
18.7431	1.37379	2.47737	10.9412
18.7693	1.70145	3.10436	10.3092
18.7956	2.11915	3.91111	9.78101
18.8219	2.6533	4.94633	9.38653
18.8482	3.33664	6.26809	9.17649
18.8762	4.27136	8.05934	9.24986
18.9066	5.59702	10.5417	9.86938
18.9297	6.85244	12.8	10.9063
18.9549	8.49132	15.5564	12.85
18.9801	10.3924	18.3701	15.9286
19.0017	12.1592	20.4438	19.6495
19.021	13.7378	21.6111	23.8297
19.0376	14.9601	21.7625	27.8567
19.0541	15.9428	20.9069	32.0144
19.0706	16.5599	18.9587	35.9021
19.0847	16.7176	16.508	38.6813
19.0988	16.4939	13.5317	40.7205
19.1114	15.9693	10.6471	41.8128
19.1241	15.1631	7.76528	42.2088
19.1367	14.1207	5.06943	41.9768
19.1493	12.9006	2.69261	41.2359
19.1619	11.5667	0.708121	40.1266
19.1752	10.1036	-0.9413	38.7074
19.1892	8.56713	-2.21799	37.0797
19.2064	6.77255	-3.23843	35.0623
19.2274	4.80693	-3.88214	32.7335
19.2484	3.13605	-4.10706	30.6305
19.2694	1.76303	-4.11045	28.761
19.2911	0.625307	-4.02273	27.0434
19.3114	-0.219667	-3.93767	25.6047
19.3292	-0.822884	-3.89712	24.452
19.347	-1.32504	-3.9072	23.3901
19.3649	-1.75185	-3.97818	22.4099
19.3837	-2.14557	-4.12572	21.4586
19.4025	-2.50401	-4.35224	20.5897
19.4227	-2.87268	-4.6878	19.748
19.4438	-3.26091	-5.14386	18.9772
19.4659	-3.69474	-5.74541	18.296
19.4893	-4.2039	-6.52454	17.739
19.5142	-4.82559	-7.52325	17.3636
19.5409	-5.60984	-8.79613	17.2671
19.5703	-6.63382	-10.4166	17.6287
19.6031	-7.98356	-12.4014	18.7783
19.636	-9.50957	-14.3198	20.8959
19.659	-10.6194	-15.3852	23.0035
19.6809	-11.6255	-15.9668	25.4263
19.7037	-12.518	-15.9268	28.2056
19.7231	-13.0676	-15.2747	30.5703
19.7424	-13.3528	-14.0491	32.7043
19.7618	-13.3264	-12.3446	34.3946
19.779	-13.0299	-10.5749	35.3964
19.7962	-12.4921	-8.72296	35.8816
19.8133	-11.7506	-6.93861	35.8685
19.8305	-10.8583	-5.34035	35.4257
19.8477	-9.87493	-4.00135	34.6495
19.8662	-8.77887	-2.87858	33.5552
19.8863	-7.62265	-2.02532	32.1981
19.9082	-6.45668	-1.45785	30.6258
19.932	-5.3609	-1.17514	28.917
19.9575	-4.40929	-1.13923	27.1502
19.9856	-3.62632	-1.30106	25.322
20.0091	-3.16469	-1.53611	23.8959
20.0343	-2.83705	-1.85725	22.461
20.0596	-2.6611	-2.23516	21.1329
20.0849	-2.61549	-2.67072	19.9121
20.1102	-2.68512	-3.17503	18.8023
20.1355	-2.8616	-3.76627	17.8107
20.1625	-3.16626	-4.52031	16.8972
20.1926	-3.65387	-5.54896	16.089
20.229	-4.47488	-7.1201	15.4922
20.2617	-5.46768	-8.89887	15.4437
20.2925	-6.64833	-10.8875	15.9986
20.3244	-8.13137	-13.1715	17.418
20.3563	-9.83434	-15.3984	19.9407
20.3778	-11.0346	-16.5968	22.3251
20.3988	-12.1653	-17.2831	25.142
20.4182	-13.0819	-17.2923	28.0308
20.4377	-13.7718	-16.5654	30.9489
20.4572	-14.1412	-15.0811	33.5964
20.4741	-14.1479	-13.2691	35.442
20.491	-13.8436	-11.1364	36.7109
20.5079	-13.2428	-8.88594	37.3375
20.5248	-12.3896	-6.71725	37.3443
20.5417	-11.3493	-4.78736	36.8241
20.5586	-10.1964	-3.1897	35.9075
20.5755	-9.0033	-1.95442	34.7294
20.594	-7.72271	-0.994463	33.275
20.6144	-6.41691	-0.340092	31.6088
20.6365	-5.17126	0.0127337	29.8185
20.6596	-4.08417	0.112083	28.0227
20.6849	-3.1529	0.0310873	26.1869
20.7044	-2.6021	-0.105298	24.8655
20.7252	-2.15039	-0.287597	23.5327
20.746	-1.81981	-0.488533	22.2779
20.7668	-1.59006	-0.698876	21.0958
20.7876	-1.44368	-0.916476	19.9819
20.8084	-1.36655	-1.14389	18.9326
20.83	-1.3484	-1.39685	17.9075
20.8517	-1.3854	-1.67549	16.9478
20.8749	-1.48126	-2.01564	15.9896
20.8998	-1.6473	-2.44616	15.0445
20.9277	-1.9136	-3.0342	14.0984
20.9593	-2.33325	-3.8853	13.1815
20.9903	-2.89423	-4.97581	12.478
21.0214	-3.6406	-6.39243	12.0384
21.0524	-4.62086	-8.21226	11.9789
21.0817	-5.81017	-10.352	12.4423
21.1111	-7.29491	-12.8841	13.6553
21.136	-8.79387	-15.2246	15.5066
21.1617	-10.5365	-17.5567	18.4383
21.1836	-12.0829	-19.1083	21.8186
21.2024	-13.3597	-19.805	25.3135
21.2198	-14.3913	-19.6798	28.8518
21.2373	-15.1656	-18.6603	32.3926
21.2547	-15.5772	-16.7297	35.5798
21.2694	-15.584	-14.5026	37.7323
21.2841	-15.258	-11.9158	39.2268
21.2988	-14.6108	-9.19501	39.9953
21.3135	-13.6841	-6.56299	40.0647
21.3282	-12.5414	-4.19804	39.5391
21.3429	-11.2572	-2.21023	38.5652
21.3576	-9.9059	-0.639959	37.2967
21.3732	-8.46998	0.588477	35.7757
21.3902	-6.97797	1.48036	34.0561
21.4108	-5.334	2.08559	32.0078
21.4341	-3.75697	2.34684	29.8502
21.4575	-2.48356	2.35802	27.8857
21.4808	-1.48628	2.26083	26.1023
21.5041	-0.719963	2.14299	24.475
21.5223	-0.250822	2.06986	23.2993
21.5415	0.151551	2.02686	22.1304
21.5608	0.479755	2.02817	21.0338
21.5801	0.755052	2.07874	20.0039
21.5994	0.995648	2.18167	19.0368
21.6186	1.21704	2.33961	18.13
21.6379	1.43253	2.5558	17.2826
21.6588	1.67241	2.86045	16.433
21.6806	1.94501	3.26635	15.6215
21.7035	2.27029	3.80124	14.8612
21.7275	2.67233	4.50153	14.1773
21.7527	3.18179	5.41543	13.6095
21.7791	3.83966	6.60742	13.2213
21.8071	4.70791	8.17122	13.1211
21.8378	5.91007	10.2824	13.5336
21.8686	7.40747	12.7699	14.7369
21.8944	8.89197	15.0101	16.5857
21.9213	10.6102	17.1926	19.5305
21.9428	12.0232	18.4915	22.6807
21.9615	13.1848	19.0155	25.9162
21.9812	14.2129	18.7074	29.5764
21.998	14.8306	17.6408	32.6252
22.0147	15.1303	15.8478	35.3259
22.0314	15.0585	13.468	37.4205
22.0456	14.693	11.1623	38.5906
22.0599	14.0633	8.78364	39.1582
22.0741	13.2065	6.50018	39.1548
22.0883	12.1748	4.44445	38.6647
22.1025	11.0278	2.69904	37.8011
22.1178	9.73486	1.20608	36.5921
22.1342	8.35058	0.0300517	35.1151
22.1521	6.91025	-0.820995	33.4234
22.1716	5.48258	-1.34819	31.5938
22.1958	3.98327	-1.60388	29.4598
22.2199	2.78177	-1.60712	27.4966
22.244	1.85205	-1.49451	25.6992
22.2654	1.22125	-1.3666	24.2314
22.2868	0.735818	-1.24773	22.8639
22.3057	0.401611	-1.16481	21.7264
22.3246	0.136901	-1.10971	20.6518
22.3435	-0.0753828	-1.08531	19.6351
22.3624	-0.249681	-1.09268	18.6723
22.3814	-0.398056	-1.1322	17.7602
22.4003	-0.530552	-1.2043	16.8963
22.42	-0.660522	-1.31495	16.0472
22.4406	-0.79707	-1.47252	15.2083
22.4623	-0.949539	-1.68822	14.3835
22.485	-1.1292	-1.9778	13.579
22.5088	-1.34983	-2.36277	12.8054
22.5336	-1.6282	-2.87137	12.0794
22.5584	-1.97211	-3.51563	11.4442
22.5847	-2.42867	-4.38174	10.8904
22.6109	-3.00719	-5.48379	10.4934
22.6384	-3.77877	-6.94839	10.3098
22.6672	-4.82034	-8.89841	10.4908
22.6943	-6.05621	-11.1463	11.1817
22.7213	-7.58053	-13.7749	12.6212
22.7451	-9.16625	-16.2723	14.7517
22.7689	-10.9391	-18.6554	17.9087
22.7894	-12.5359	-20.2568	21.5408
22.8075	-13.8823	-20.9721	25.3483
22.8241	-14.9683	-20.7973	29.1814
22.8408	-15.7858	-19.6558	33.011
22.8574	-16.2241	-17.53	36.4546
22.8714	-16.2385	-15.1143	38.7614
22.8853	-15.9091	-12.3155	40.3715
22.8992	-15.2462	-9.37097	41.2133
22.9132	-14.2904	-6.51635	41.3147
22.9271	-13.1046	-3.94179	40.7851
22.941	-11.7639	-1.76659	39.7795
22.9549	-10.3442	-0.0366976	38.4618
22.9694	-8.85715	1.3043	36.9153
22.9849	-7.3197	2.28907	35.1965
23.0062	-5.39222	3.0532	32.9002
23.0291	-3.62225	3.37087	30.6284
23.0521	-2.18349	3.40344	28.596
23.075	-1.04746	3.31829	26.7821
23.0992	-0.120934	3.21396	25.0649
23.1149	0.360898	3.17131	24.0416
23.1327	0.817497	3.16354	22.9609
23.1505	1.20269	3.20772	21.9535
23.1683	1.53711	3.3096	21.0144
23.1872	1.85768	3.4859	20.0858
23.2069	2.17122	3.74687	19.1992
23.2274	2.4968	4.10877	18.3599
23.2489	2.85524	4.59284	17.5803
23.2715	3.27096	5.22772	16.8819
23.2953	3.77399	6.0518	16.3004
23.3206	4.40323	7.11648	15.895
23.3477	5.2137	8.49234	15.7671
23.3776	6.29933	10.29	16.1125
23.4098	7.70853	12.4776	17.2489
23.4419	9.34474	14.7011	19.4161
23.4649	10.5945	16.0585	21.6914
23.4872	11.7848	16.9235	24.4499
23.5094	12.8414	17.0861	27.5948
23.5275	13.5075	16.56	30.2262
23.5465	13.9351	15.3316	32.8023
23.5655	14.0197	13.4866	34.9267
23.5815	13.799	11.5858	36.209
23.5975	13.3164	9.53967	36.9451
23.6136	12.6017	7.51372	37.1338
23.6296	11.7036	5.64889	36.8334
23.6456	10.681	4.04181	36.1403
23.6624	9.53971	2.68242	35.1099
23.6805	8.31132	1.60167	33.7942
23.7002	7.03335	0.816857	32.2388
23.7218	5.77121	0.335615	30.5076
23.7449	4.62554	0.135145	28.7126
23.7695	3.64432	0.148909	26.9013
23.7911	2.97684	0.274513	25.41
23.8139	2.44546	0.469992	23.9319
23.8367	2.06638	0.699831	22.5481
23.8595	1.81374	0.949418	21.2522
23.8823	1.66527	1.21524	20.0391
23.9051	1.60333	1.50112	18.9051
23.928	1.6152	1.81569	17.848
23.9508	1.69291	2.17104	16.8671
23.9751	1.84437	2.61171	15.9068
24.0017	2.09191	3.19099	14.964
24.0323	2.49266	4.0254	14.0338
24.0678	3.14182	5.29322	13.2096
24.1033	4.03987	6.98327	12.7609
24.1387	5.25482	9.19421	12.8791
24.1653	6.41545	11.2178	13.526
24.1946	7.96355	13.7395	15.039
24.2238	9.7753	16.3283	17.6772
24.2457	11.2412	18.0052	20.5257
24.2668	12.6421	19.0671	23.963
24.285	13.7422	19.2804	27.3496
24.3032	14.6232	18.6411	30.8648
24.3215	15.171	17.0732	34.163
24.3373	15.3027	15.0256	36.5601
24.3532	15.0777	12.5177	38.305
24.3673	14.5796	10.0978	39.2153
24.3813	13.8278	7.68661	39.5167
24.3954	12.8677	5.44234	39.27
24.4095	11.7568	3.47779	38.579
24.4241	10.5075	1.7955	37.5198
24.4396	9.15106	0.427339	36.1631
24.4564	7.71744	-0.614546	34.5668
24.4748	6.25167	-1.32741	32.7896
24.4972	4.67892	-1.75399	30.7022
24.5196	3.37126	-1.87187	28.762
24.542	2.32165	-1.82474	26.9794
24.5643	1.50377	-1.70959	25.3481
24.5866	0.8742	-1.58509	23.8419
24.6057	0.455059	-1.49677	22.6397
24.6248	0.121628	-1.43747	21.5082
24.6439	-0.146619	-1.41308	20.4411
24.663	-0.367367	-1.42648	19.4334
24.6821	-0.555583	-1.47917	18.4813
24.7012	-0.723859	-1.57237	17.5822
24.7203	-0.88284	-1.70776	16.734
24.7407	-1.05317	-1.90259	15.8809
24.7621	-1.24227	-2.16726	15.048
24.7846	-1.4639	-2.52056	14.242
24.8081	-1.73455	-2.98768	13.4758
24.8327	-2.07455	-3.60192	12.7702
24.8582	-2.50909	-4.40613	12.1566
24.8837	-3.05041	-5.41804	11.6935
24.911	-3.77884	-6.77918	11.4201
24.9396	-4.75303	-8.57833	11.4823
24.9679	-5.97055	-10.7655	12.0607
24.9963	-7.47796	-13.3322	13.3952
25.0209	-9.02648	-15.7381	15.4062
25.0455	-10.7554	-18.0274	18.4195
25.0665	-12.2967	-19.5453	21.8721
25.0849	-13.5827	-20.2121	25.4636
25.1021	-14.6244	-20.0366	29.1063
25.1192	-15.4009	-18.9397	32.7364
25.1364	-15.8056	-16.9107	35.9879
25.1507	-15.8012	-14.6125	38.1558
25.1651	-15.4635	-11.959	39.6554
25.1794	-14.805	-9.17677	40.422
25.1937	-13.8668	-6.48865	40.4852
25.2081	-12.7118	-4.07244	39.9508
25.2224	-11.4135	-2.03806	38.9665
25.2368	-10.0457	-0.426151	37.6866
25.252	-8.59055	0.83945	36.1553
25.2685	-7.07984	1.7624	34.4331
25.2894	-5.33696	2.41853	32.2956
25.3126	-3.70032	2.69626	30.1053
25.3357	-2.37507	2.71483	28.1222
25.3588	-1.33335	2.62322	26.3311
25.3829	-0.499654	2.50966	24.64
25.3999	-0.0339784	2.45094	23.5366
25.4186	0.387429	2.42345	22.3981
25.4373	0.736269	2.44374	21.332
25.4561	1.03361	2.51719	20.333
25.4748	1.29766	2.64734	19.3974
25.4935	1.54406	2.83727	18.5236
25.5137	1.80486	3.11243	17.6522
25.5347	2.08821	3.48457	16.8199
25.5568	2.41378	3.97775	16.0378
25.58	2.80483	4.62391	15.3276
25.6045	3.29066	5.46595	14.7243
25.6302	3.90977	6.56129	14.2853
25.6576	4.71757	7.9904	14.1073
25.6874	5.81284	9.88762	14.3779
25.7192	7.25525	12.2592	15.4164
25.7462	8.70245	14.4247	17.1199
25.7741	10.3728	16.5323	19.8834
25.796	11.7182	17.7711	22.8012
25.8153	12.8394	18.2963	25.8467
25.8356	13.8305	18.0391	29.2964
25.8529	14.4281	17.0575	32.1861
25.8701	14.7175	15.3849	34.7493
25.8874	14.6473	13.1533	36.7387
25.9022	14.2904	10.9737	37.8545
25.917	13.676	8.72339	38.3899
25.9318	12.8417	6.56486	38.3748
25.9466	11.8396	4.62552	37.8903
25.9613	10.7291	2.9842	37.0452
25.9773	9.47505	1.5798	35.8577
25.9945	8.1347	0.480728	34.4012
26.0133	6.74615	-0.302673	32.7255
26.0339	5.38423	-0.770195	30.9095
26.0569	4.09413	-0.964311	28.9772
26.0799	3.0535	-0.950939	27.1762
26.1029	2.24397	-0.832293	25.5106
26.1258	1.62994	-0.672504	23.9642
26.1451	1.23798	-0.533474	22.7441
26.1645	0.938671	-0.402997	21.5921
26.1838	0.713682	-0.286393	20.5021
26.2031	0.547337	-0.185088	19.4694
26.2224	0.426698	-0.0981995	18.4901
26.2418	0.341379	-0.0235994	17.5609
26.2611	0.283253	0.0414138	16.6788
26.2804	0.246117	0.0997186	15.8413
26.3008	0.224633	0.157072	15.004
26.3222	0.217505	0.216296	14.1713
26.3449	0.224045	0.281575	13.3417
26.369	0.244751	0.358627	12.5135
26.3949	0.282058	0.456318	11.6799
26.4229	0.340788	0.587287	10.8428
26.4534	0.429925	0.772109	10.004
26.4864	0.564244	1.04266	9.17517
26.5195	0.751355	1.4166	8.4274
26.5467	0.959343	1.83245	7.87394
26.5748	1.24349	2.40203	7.36733
26.603	1.62084	3.16041	6.94201
26.6312	2.12254	4.17003	6.62526
26.6593	2.78959	5.51036	6.46743
26.6875	3.67458	7.2769	6.55857
26.7156	4.84168	9.57045	7.05506
26.7387	6.05975	11.8989	7.94367
26.763	7.63097	14.7637	9.58967
26.7836	9.2167	17.439	11.8028
26.8043	11.0092	20.1026	14.9927
26.826	13.0355	22.4481	19.579
26.8433	14.6306	23.5273	24.097
26.8586	15.9084	23.5556	28.5553
26.8739	16.9302	22.4787	33.1182
26.8893	17.5674	20.2178	37.3542
26.9024	17.7256	17.4402	40.3687
26.9155	17.4855	14.103	42.5713
26.9272	16.9302	10.8795	43.7479
26.9389	16.0781	7.66564	44.1694
26.9506	14.9747	4.65901	43.9126
26.9624	13.6794	2.00366	43.1085
26.9741	12.2575	-0.220551	41.911
26.9858	10.7723	-1.99325	40.4702
26.9985	9.16286	-3.42883	38.788
27.0153	7.10275	-4.68673	36.5383
27.035	4.91843	-5.45322	34.0876
27.0554	2.97224	-5.74046	31.848
27.0758	1.36132	-5.75299	29.919
27.0962	0.0577096	-5.65522	28.2586
27.1162	-0.970222	-5.54979	26.8392
27.1363	-1.79598	-5.49128	25.5923
27.1563	-2.46797	-5.50999	24.4897
27.1764	-3.02976	-5.62103	23.5139
27.1964	-3.51886	-5.83093	22.656
27.2165	-3.96668	-6.14159	21.9138
27.2378	-4.42641	-6.58191	21.2558
27.2602	-4.91686	-7.16278	20.722
27.2839	-5.4691	-7.90383	20.3518
27.3091	-6.11715	-8.82455	20.2098
27.3363	-6.89928	-9.93713	20.3988
27.3661	-7.85293	-11.2207	21.0778
27.3982	-8.97408	-12.5373	22.437
27.425	-9.92409	-13.3973	24.0716
27.4497	-10.7414	-13.8308	25.9141
27.4744	-11.4219	-13.7822	27.9378
27.4992	-11.8796	-13.1731	29.9305
27.5239	-12.0408	-12.0251	31.6429
27.544	-11.9244	-10.784	32.6739
27.5641	-11.5868	-9.39249	33.2942
27.5842	-11.0535	-7.98139	33.4824
27.6043	-10.3678	-6.66807	33.269
27.6244	-9.58401	-5.53715	32.7211
27.6455	-8.71883	-4.59688	31.8798
27.668	-7.80765	-3.87812	30.7825
27.6924	-6.89743	-3.40483	29.4695
27.719	-6.05042	-3.18915	27.9952
27.7481	-5.3281	-3.22594	26.4114
27.782	-4.76388	-3.52989	24.6736
27.8098	-4.51391	-3.93732	23.374
27.8427	-4.44329	-4.58023	22.0048
27.8757	-4.59822	-5.39456	20.861
27.9087	-4.96545	-6.3951	19.992
27.9416	-5.54033	-7.59878	19.467
27.9765	-6.37445	-9.09387	19.3927
28.0148	-7.5469	-10.9282	20.0507
28.0457	-8.65291	-12.4091	21.2736
28.0733	-9.70981	-13.5511	22.949
28.0986	-10.658	-14.2495	24.9302
28.1239	-11.4929	-14.4276	27.2101
28.1452	-12.0284	-14.0698	29.193
28.1665	-12.3435	-13.2216	31.0398
28.1886	-12.3869	-11.8842	32.6103
28.2079	-12.172	-10.4549	33.5597
28.2272	-11.7326	-8.91952	34.0568
28.2465	-11.1019	-7.41472	34.1026
28.2657	-10.3296	-6.05359	33.7479
28.285	-9.47299	-4.90989	33.0738
28.3056	-8.52856	-3.9641	32.1031
28.3278	-7.54332	-3.25889	30.8806
28.3519	-6.56929	-2.81419	29.4513
28.3782	-5.67552	-2.63388	27.8785
28.4069	-4.92006	-2.7008	26.2089
28.4403	-4.33231	-3.01996	24.3917
28.4688	-4.05908	-3.44306	22.9748
28.499	-3.97469	-4.01978	21.6306
28.5292	-4.08073	-4.73184	20.467
28.5593	-4.36497	-5.59639	19.5148
28.5895	-4.82389	-6.63685	18.8189
28.6226	-5.53334	-8.00562	18.4276
28.6596	-6.58649	-9.80819	18.5973
28.6966	-7.90736	-11.8029	19.6147
28.725	-9.06629	-13.2945	21.1052
28.7514	-10.1935	-14.4363	23.0899
28.7749	-11.1553	-15.0481	25.2835
28.7983	-11.9857	-15.0977	27.7368
28.8191	-12.5265	-14.573	29.9297
28.8398	-12.8142	-13.5026	31.9245
28.8606	-12.8008	-11.9709	33.5115
28.8787	-12.529	-10.3813	34.4429
28.8969	-12.0292	-8.70916	34.8953
28.9151	-11.3377	-7.09382	34.882
28.9332	-10.5058	-5.64648	34.4641
28.9514	-9.5913	-4.43651	33.7295
28.9711	-8.57157	-3.42345	32.6845
28.9924	-7.50486	-2.66584	31.384
29.0156	-6.44408	-2.18113	29.8751
29.0408	-5.46428	-1.96882	28.2296
29.0682	-4.6265	-1.99991	26.5024
29.0991	-3.95974	-2.25111	24.6741
29.1254	-3.60289	-2.58909	23.2305
29.1532	-3.41246	-3.04259	21.833
29.181	-3.39044	-3.59204	20.5733
29.2089	-3.52046	-4.2491	19.4644
29.2367	-3.79433	-5.03533	18.5268
29.266	-4.23916	-6.03459	17.7582
29.2989	-4.93809	-7.40004	17.2352
29.3373	-6.04443	-9.35251	17.2347
29.3687	-7.19344	-11.2015	17.9006
29.4019	-8.63175	-13.2521	19.467
29.4279	-9.86793	-14.711	21.4217
29.4528	-11.0612	-15.7282	23.8998
29.474	-11.9989	-16.0906	26.388
29.4952	-12.7663	-15.8236	29.0359
29.5165	-13.266	-14.8492	31.5815
29.5377	-13.4164	-13.2149	33.7281
29.5545	-13.2573	-11.5702	34.9752
29.5721	-12.8317	-9.6877	35.7568
29.5896	-12.1692	-7.79769	35.9965
29.6071	-11.3192	-6.04747	35.7436
29.6246	-10.3436	-4.54018	35.0906
29.6421	-9.30651	-3.32725	34.1471
29.6614	-8.16673	-2.34129	32.9006
29.6823	-6.99108	-1.63659	31.4158
29.7052	-5.84483	-1.22154	29.7534
29.7298	-4.81487	-1.07581	28.0058
29.7568	-3.93733	-1.14969	26.1886
29.7823	-3.33219	-1.35821	24.5771
29.8087	-2.90935	-1.66228	23.0242
29.8351	-2.66333	-2.03065	21.5881
29.8615	-2.56708	-2.45831	20.2684
29.888	-2.60046	-2.95426	19.0671
29.9144	-2.75132	-3.537	17.9908
29.9408	-3.01548	-4.23172	17.0518
29.9698	-3.44056	-5.1602	16.2037
30.0039	-4.13874	-6.52902	15.5147
30.0379	-5.08074	-8.25216	15.2753
30.0691	-6.19321	-10.172	15.6095
30.102	-7.64842	-12.4956	16.7741
30.1311	-9.15323	-14.6137	18.7186
30.1566	-10.5823	-16.2449	21.2603
30.1796	-11.8586	-17.2226	24.2001
30.1991	-12.8407	-17.4547	27.0642
30.2186	-13.6258	-16.9697	30.0467
30.2382	-14.1142	-15.7033	32.8566
30.2577	-14.2247	-13.7318	35.1774
30.273	-14.0186	-11.8285	36.4866
30.289	-13.5325	-9.68263	37.2883
30.305	-12.7999	-7.55123	37.5089
30.321	-11.8715	-5.58773	37.2098
30.3371	-10.8097	-3.8974	36.4946
30.3531	-9.6792	-2.53101	35.4821
30.3707	-8.42581	-1.40499	34.1565
30.3899	-7.11831	-0.580588	32.5909
30.411	-5.81778	-0.0639854	30.8467
30.4335	-4.62882	0.165464	29.0405
30.4572	-3.61269	0.177544	27.2443
30.4796	-2.86419	0.064826	25.6597
30.5019	-2.2953	-0.110287	24.1767
30.5209	-1.93299	-0.282451	22.992
30.5398	-1.66398	-0.464256	21.8705
30.5595	-1.46792	-0.657464	20.7721
30.5791	-1.34163	-0.855315	19.7333
30.5998	-1.27153	-1.07188	18.6996
30.6213	-1.25666	-1.31214	17.6882
30.6428	-1.29342	-1.57628	16.7402
30.666	-1.38588	-1.89967	15.7889
30.6909	-1.545	-2.30962	14.8475
30.7188	-1.80002	-2.87139	13.8997
30.7502	-2.19875	-3.68045	12.9795
30.7808	-2.72639	-4.70898	12.2642
30.8115	-3.42728	-6.0459	11.7876
30.8421	-4.3478	-7.76846	11.6511
30.8742	-5.60768	-10.0593	12.059
30.8999	-6.86776	-12.2488	12.9872
30.9272	-8.4756	-14.8382	14.8188
30.9546	-10.3244	-17.4118	17.7908
30.9757	-11.8441	-19.0495	20.986
30.9952	-13.2144	-19.946	24.5891
31.0126	-14.2999	-19.9864	28.1537
31.0299	-15.1477	-19.1357	31.7875
31.0472	-15.6478	-17.3443	35.1366
31.0623	-15.7318	-15.1209	37.5226
31.0773	-15.4603	-12.4639	39.2275
31.0923	-14.8396	-9.61795	40.1556
31.1058	-14.0158	-7.10504	40.336
31.1193	-12.9903	-4.79683	39.9732
31.1328	-11.8218	-2.79745	39.1808
31.147	-10.5101	-1.08756	38.0266
31.162	-9.09471	0.290386	36.5901
31.1782	-7.60808	1.3285	34.9353
31.1967	-6.02566	2.05601	33.0382
31.2184	-4.40225	2.45993	30.9315
31.2401	-3.04954	2.56633	28.9955
31.2618	-1.9573	2.51985	27.2322
31.2847	-1.05098	2.41072	25.5352
31.3077	-0.353021	2.30753	23.9844
31.3244	0.0522988	2.25906	22.9335
31.3425	0.416732	2.24331	21.8593
31.3607	0.721791	2.2721	20.8492
31.3789	0.985076	2.34922	19.899
31.397	1.22178	2.47738	19.0059
31.4164	1.46042	2.67398	18.112
31.4367	1.70793	2.94886	17.2472
31.4579	1.98051	3.31983	16.4174
31.4802	2.29686	3.81084	15.6356
31.5036	2.67987	4.45438	14.9231
31.5281	3.15838	5.29389	14.3145
31.554	3.77019	6.3873	13.8658
31.5814	4.5697	7.81572	13.6705
31.6111	5.65353	9.71462	13.9083
31.6429	7.09851	12.1265	14.9024
31.6691	8.51516	14.2958	16.5096
31.6966	10.1879	16.4946	19.1777
31.719	11.6065	17.9027	22.1538
31.7387	12.8035	18.5712	25.3099
31.757	13.7743	18.4916	28.5332
31.7754	14.4995	17.594	31.7637
31.7937	14.8799	15.8633	34.6724
31.8093	14.8768	13.8356	36.6512
31.825	14.5538	11.4756	38.0139
31.8406	13.9246	8.99564	38.6968
31.8562	13.0319	6.60409	38.7263
31.8718	11.9396	4.46568	38.2008
31.8875	10.7213	2.68015	37.2577
31.9031	9.4497	1.2818	36.0394
31.92	8.08142	0.181397	34.5479
31.9386	6.66672	-0.598312	32.8451
31.9589	5.28352	-1.05976	31.0151
31.983	3.89902	-1.25428	28.9607
32.0071	2.79634	-1.22816	27.0622
32.0298	1.99198	-1.10862	25.414
32.0524	1.37881	-0.959722	23.8856
32.0724	0.968217	-0.832477	22.6288
32.0923	0.65339	-0.721999	21.4451
32.1122	0.413379	-0.634045	20.3279
32.1322	0.230379	-0.570421	19.2718
32.1521	0.0896961	-0.530813	18.2724
32.172	-0.0205509	-0.514004	17.326
32.192	-0.109856	-0.518652	16.4297
32.2119	-0.185782	-0.543762	15.5807
32.2318	-0.2544	-0.588966	14.7764
32.2531	-0.324962	-0.659635	13.9675
32.2754	-0.401954	-0.760949	13.1658
32.2989	-0.491829	-0.901371	12.374
32.3236	-0.602379	-1.09284	11.5982
32.3494	-0.743102	-1.35143	10.8487
32.3751	-0.919226	-1.6859	10.1599
32.4021	-1.15406	-2.14028	9.50673
32.429	-1.45714	-2.73321	8.92994
32.456	-1.85005	-3.50668	8.44443
32.4829	-2.3606	-4.51437	8.07778
32.5099	-3.02426	-5.82246	7.87854
32.5368	-3.8851	-7.50718	7.92958
32.5658	-5.09175	-9.82774	8.42325
32.5895	-6.33957	-12.1525	9.34952
32.6145	-7.94173	-14.9788	11.0872
32.6363	-9.5868	-17.625	13.4909
32.6581	-11.4212	-20.1446	16.9432
32.6778	-13.1553	-21.9145	21.0593
32.6949	-14.6096	-22.6774	25.3327
32.7106	-15.7768	-22.4475	29.5912
32.7263	-16.6624	-21.1462	33.8447
32.742	-17.1479	-18.7513	37.673
32.755	-17.1815	-16.0637	40.2225
32.768	-16.8544	-12.9518	42.0171
32.781	-16.1746	-9.67179	42.9774
32.794	-15.1808	-6.48047	43.1312
32.807	-13.9359	-3.58784	42.5951
32.82	-12.516	-1.12859	41.5381
32.833	-10.9997	0.842143	40.1401
32.846	-9.45818	2.33458	38.5614
32.8612	-7.70097	3.54561	36.6503
32.8822	-5.4677	4.48458	34.1125
32.9017	-3.66957	4.84415	31.9844
32.9212	-2.15399	4.92329	30.0994
32.9406	-0.90642	4.86799	28.4374
32.9633	0.255167	4.75946	26.7349
32.9809	0.97629	4.6981	25.5606
32.9996	1.60703	4.68495	24.4325
33.0182	2.1342	4.74112	23.4089
33.0368	2.58807	4.87553	22.4809
33.0564	3.01482	5.10631	21.6038
33.0767	3.4299	5.44554	20.8011
33.0979	3.85922	5.91066	20.0841
33.1202	4.33011	6.52329	19.4762
33.1438	4.87366	7.31068	19.017
33.1689	5.52721	8.306	18.7712
33.196	6.3385	9.54635	18.8473
33.226	7.37251	11.0623	19.4366
33.2594	8.6832	12.7851	20.8529
33.2863	9.80368	13.9866	22.6321
33.3106	10.7979	14.7262	24.7088
33.335	11.6812	14.938	27.1045
33.3558	12.2673	14.5844	29.2364
33.3766	12.6252	13.7017	31.2389
33.3975	12.7021	12.344	32.906
33.4183	12.4739	10.6508	34.0697
33.4363	12.0401	9.06717	34.5993
33.4542	11.4174	7.50798	34.6864
33.4722	10.6507	6.08239	34.3772
33.4909	9.75789	4.82174	33.7175
33.5106	8.77594	3.77833	32.7544
33.5317	7.73936	2.98023	31.5276
33.5548	6.69701	2.44839	30.081
33.5799	5.71901	2.1888	28.4792
33.6071	4.8728	2.18022	26.7866
33.6378	4.18662	2.40187	24.9802
33.6634	3.81844	2.71621	23.5824
33.6925	3.5999	3.18346	22.1273
33.7216	3.56886	3.76104	20.8231
33.7506	3.70695	4.45972	19.6865
33.7797	4.00489	5.3021	18.7428
33.8087	4.46225	6.31622	18.0311
33.8421	5.19341	7.72674	17.5757
33.8803	6.31655	9.67572	17.6908
33.9121	7.49149	11.5184	18.485
33.9454	8.92764	13.48	20.1958
33.9702	10.081	14.7497	22.1395
33.9941	11.1748	15.5779	24.5231
34.0181	12.1478	15.7893	27.2703
34.0374	12.7597	15.3816	29.5759
34.0577	13.1537	14.3554	31.8459
34.0781	13.2324	12.7813	33.7236
34.0956	13.0247	11.1119	34.8759
34.1131	12.569	9.30755	35.5239
34.1306	11.8962	7.52243	35.665
34.1481	11.0556	5.88724	35.3525
34.1656	10.1061	4.49029	34.6759
34.1841	9.05397	3.32137	33.681
34.2039	7.93298	2.41095	32.4122
34.2256	6.78811	1.77894	30.9131
34.2492	5.69068	1.43197	29.2509
34.2746	4.72124	1.34433	27.5106
34.3026	3.90802	1.47153	25.6896
34.3268	3.40917	1.70061	24.2213
34.3535	3.04839	2.04002	22.7088
34.3803	2.86086	2.45122	21.316
34.407	2.82241	2.9339	20.0455
34.4338	2.9162	3.50085	18.9032
34.4605	3.13348	4.17364	17.9008
34.4883	3.48895	5.01384	17.0293
34.5196	4.05784	6.17733	16.2976
34.5577	5.02109	7.97025	15.8827
34.5894	6.07704	9.80221	16.0934
34.6237	7.50239	12.0841	17.1249
34.6531	8.94318	14.1224	18.8897
34.6825	10.5111	15.907	21.6182
34.7034	11.6201	16.7545	24.1372
34.7236	12.5919	17.0191	26.9042
34.7437	13.3704	16.5832	29.7989
34.7639	13.8548	15.3799	32.5325
34.7841	13.9634	13.4822	34.7898
34.7997	13.7612	11.6644	36.0467
34.8161	13.2846	9.60523	36.8168
34.8325	12.5675	7.56011	37.0227
34.8489	11.6604	5.67774	36.7233
34.8654	10.6253	4.05994	36.019
34.8818	9.52609	2.75555	35.0247
34.8999	8.3051	1.68057	33.7161
34.9197	7.03687	0.901381	32.1687
34.9414	5.7851	0.424383	30.4445
34.9647	4.64913	0.227299	28.6534
34.9895	3.67597	0.245188	26.8402
35.0116	3.00665	0.378534	25.3223
35.0349	2.48266	0.583885	23.8289
35.0581	2.11431	0.82589	22.4322
35.0814	1.87516	1.09052	21.1262
35.1046	1.74268	1.37528	19.9059
35.1279	1.69934	1.68524	18.7681
35.1512	1.7329	2.03058	17.7112
35.1744	1.8362	2.42516	16.7357
35.1994	2.02264	2.92453	15.7793
35.2271	2.32283	3.59617	14.8447
35.2593	2.81014	4.5845	13.9475
35.293	3.51416	5.93801	13.2826
35.3268	4.46425	7.70248	13.0155
35.3605	5.71914	9.94728	13.3437
35.3871	6.9564	12.0491	14.2194
35.4156	8.53905	14.5217	16.011
35.4441	10.3415	16.918	18.9334
35.465	11.7283	18.3092	21.881
35.4845	12.9696	19.0243	25.1723
35.5025	13.9723	18.9609	28.5108
35.5205	14.7291	18.0531	31.8678
35.5385	15.1375	16.279	34.9048
35.5539	15.1524	14.1831	36.9873
35.5692	14.8386	11.732	38.435
35.5846	14.2081	9.14609	39.1777
35.5999	13.3031	6.64384	39.2398
35.6153	12.1879	4.39978	38.7219
35.6306	10.938	2.52087	37.767
35.646	9.62786	1.04528	36.5245
35.6624	8.23289	-0.106056	35.023
35.6804	6.78563	-0.931394	33.3127
35.7004	5.33247	-1.4402	31.4389
35.7242	3.86885	-1.66729	29.3418
35.7479	2.69541	-1.66007	27.4136
35.7728	1.74985	-1.54062	25.5714
35.7936	1.14446	-1.41756	24.1502
35.8151	0.660235	-1.30231	22.7777
35.8336	0.335674	-1.2269	21.67
35.8521	0.0762822	-1.17957	20.6224
35.8706	-0.133954	-1.16298	19.6303
35.8891	-0.308641	-1.17823	18.6901
35.9076	-0.45921	-1.22586	17.7987
35.9261	-0.595254	-1.3065	16.9539
35.9459	-0.733793	-1.43059	16.1004
35.9666	-0.880314	-1.60534	15.26
35.9883	-1.04512	-1.84324	14.4353
36.0112	-1.24036	-2.16152	13.6338
36.035	-1.48088	-2.58359	12.8672
36.0599	-1.78487	-3.14005	12.1543
36.0847	-2.1607	-3.84373	11.5402
36.1111	-2.66018	-4.78892	11.0216
36.1374	-3.29251	-5.98796	10.6812
36.1653	-4.14467	-7.59332	10.5931
36.1952	-5.31908	-9.76338	10.9595
36.2215	-6.62264	-12.0831	11.8757
36.2479	-8.20182	-14.713	13.6012
36.2742	-10.0405	-17.4194	16.4218
36.2965	-11.7266	-19.4084	19.8245
36.3167	-13.2573	-20.581	23.7293
36.3339	-14.4378	-20.7927	27.4874
36.351	-15.3923	-20.0678	31.3888
36.3681	-15.9996	-18.318	35.0599
36.383	-16.1656	-16.0332	37.7449
36.3979	-15.9531	-13.2287	39.7183
36.411	-15.4514	-10.5421	40.7616
36.424	-14.6794	-7.853	41.1474
36.4371	-13.6814	-5.33414	40.9374
36.4502	-12.5143	-3.11164	40.2418
36.4633	-11.2402	-1.25543	39.1918
36.4774	-9.82136	0.310006	37.8154
36.4924	-8.32079	1.5234	36.21
36.5093	-6.70783	2.42023	34.3612
36.5326	-4.73227	3.04585	31.9348
36.5559	-3.08922	3.23376	29.7334
36.5792	-1.7753	3.20449	27.7661
36.6026	-0.750532	3.10175	26.0043
36.6221	-0.0730621	3.02236	24.6578
36.6397	0.421257	2.98301	23.5402
36.6572	0.833143	2.98674	22.4967
36.6748	1.18346	3.04098	21.5208
36.6931	1.50428	3.15686	20.567
36.7122	1.80659	3.34475	19.6488
36.732	2.10726	3.61762	18.7688
36.7527	2.42444	3.99219	17.9344
36.7744	2.77878	4.49086	17.1586
36.7972	3.19485	5.14388	16.4639
36.8213	3.70316	5.99186	15.8875
36.8468	4.34366	7.08936	15.4907
36.8742	5.17388	8.51234	15.3794
36.9044	6.29609	10.3852	15.7625
36.9362	7.7262	12.6214	16.9439
36.968	9.38992	14.9004	19.1721
36.9909	10.6676	16.3009	21.5151
37.013	11.8883	17.1976	24.3615
37.0351	12.9742	17.368	27.6111
37.0529	13.6531	16.8334	30.3006
37.0716	14.0953	15.5767	32.9513
37.0903	14.1895	13.6845	35.1429
37.1061	13.9729	11.7374	36.4679
37.1219	13.4902	9.63825	37.2369
37.1376	12.7709	7.55578	37.4477
37.1534	11.8632	5.63463	37.1584
37.1692	10.8263	3.97473	36.4669
37.1857	9.6697	2.57072	35.4347
37.2034	8.42227	1.44949	34.1149
37.2226	7.11986	0.627731	32.5535
37.2438	5.8249	0.113171	30.8129
37.2664	4.64103	-0.114714	29.0084
37.2902	3.62864	-0.124875	27.2101
37.3123	2.89623	-0.0123824	25.6513
37.3343	2.33797	0.16172	24.1908
37.3538	1.96851	0.341103	22.9748
37.3733	1.69744	0.531678	21.8254
37.3928	1.50878	0.728469	20.7383
37.4131	1.38554	0.939178	19.6713
37.4333	1.32438	1.15957	18.6646
37.4551	1.3175	1.41323	17.6499
37.4768	1.36407	1.69406	16.7003
37.5003	1.46994	2.04119	15.7469
37.5256	1.64818	2.48576	14.8038
37.5542	1.93423	3.10467	13.854
37.5865	2.38207	4.00384	12.948
37.6168	2.95168	5.10647	12.2949
37.6472	3.70334	6.53086	11.9024
37.6775	4.68368	8.34932	11.885
37.7061	5.86295	10.4695	12.3774
37.7358	7.38879	13.0665	13.6625
37.7602	8.88051	15.3854	15.544
37.7859	10.6335	17.713	18.5382
37.8075	12.1753	19.2339	21.9521
37.8261	13.442	19.8947	25.4595
37.8435	14.4682	19.7315	29.0217
37.8608	15.2321	18.6666	32.5726
37.8782	15.6288	16.6896	35.7531
37.8928	15.6217	14.4425	37.8775
37.9073	15.2846	11.847	39.3442
37.9219	14.6302	9.12622	40.0896
37.9364	13.7002	6.49944	40.1432
37.951	12.5572	4.14102	39.6095
37.9656	11.2749	2.15828	38.6335
37.9801	9.92636	0.590279	37.367
37.9957	8.48597	-0.643971	35.8426
38.0125	6.98985	-1.54036	34.1214
38.0333	5.3248	-2.15418	32.0526
38.0565	3.7389	-2.41676	29.8914
38.0798	2.45756	-2.42876	27.9257
38.1031	1.45317	-2.33269	26.1428
38.1263	0.680375	-2.21679	24.5172
38.1444	0.207854	-2.14615	23.3472
38.1636	-0.19887	-2.10645	22.183
38.1827	-0.53164	-2.11191	21.0914
38.2019	-0.811745	-2.16761	20.0666
38.2211	-1.05745	-2.27674	19.1049
38.2403	-1.28434	-2.44211	18.2038
38.2602	-1.51475	-2.67738	17.3302
38.2811	-1.764	-2.9984	16.4856
38.303	-2.04884	-3.42596	15.6803
38.326	-2.38962	-3.9885	14.9309
38.3502	-2.81167	-4.72416	14.2646
38.3755	-3.34741	-5.68349	13.725
38.4021	-4.04092	-6.93475	13.3825
38.4305	-4.96116	-8.57999	13.3603
38.4622	-6.25824	-10.8277	13.9324
38.489	-7.59399	-13.0082	15.1065
38.5168	-9.21064	-15.3838	17.2332
38.5446	-10.9892	-17.5056	20.478
38.5647	-12.2855	-18.5506	23.5397
38.5833	-13.3828	-18.8808	26.7638
38.6025	-14.3119	-18.3767	30.2861
38.6196	-14.8608	-17.1107	33.2975
38.6368	-15.0632	-15.1236	35.8754
38.6519	-14.9179	-12.9257	37.5781
38.667	-14.4663	-10.4944	38.6454
38.682	-13.7334	-8.03448	39.0547
38.6971	-12.768	-5.73022	38.8621
38.7122	-11.6349	-3.71541	38.1795
38.7272	-10.4039	-2.06147	37.1422
38.7431	-9.07485	-0.725871	35.8112
38.7603	-7.66936	0.290585	34.2352
38.7792	-6.23334	0.982845	32.4706
38.8007	-4.78859	1.37468	30.518
38.8239	-3.49564	1.49141	28.5526
38.8471	-2.46691	1.43571	26.7414
38.8689	-1.71375	1.31483	25.1696
38.8916	-1.11574	1.17454	23.6587
38.9114	-0.713821	1.06377	22.4188
38.9313	-0.402168	0.976583	21.2516
38.9511	-0.159717	0.918229	20.1504
38.971	0.0313996	0.890579	19.11
38.9908	0.185996	0.893891	18.1262
39.0107	0.316207	0.927957	17.1957
39.0306	0.431964	0.992856	16.3157
39.0504	0.541488	1.08943	15.484
39.0714	0.658126	1.228	14.6558
39.0934	0.78951	1.4182	13.84
39.1166	0.945771	1.67448	13.042
39.1408	1.13921	2.0165	12.2717
39.1659	1.38475	2.46987	11.5444
39.1911	1.69042	3.04789	10.8985
39.2174	2.09486	3.82244	10.3239
39.2438	2.61047	4.81526	9.88124
39.2701	3.26857	6.0816	9.61733
39.298	4.16143	7.78596	9.61894
39.3281	5.40814	10.1168	10.1131
39.3525	6.68272	12.4113	11.0868
39.3783	8.30563	15.1484	12.928
39.4041	10.1989	17.9705	15.9023
39.426	11.9426	20.0525	19.4852
39.4459	13.5354	21.2823	23.613
39.4625	14.7512	21.496	27.5364
39.4798	15.7686	20.6898	31.7562
39.4949	16.3507	19.0396	35.2523
39.51	16.5593	16.5764	38.2228
39.5234	16.393	13.8843	40.1928
39.5368	15.8913	10.9335	41.4235
39.5502	15.079	7.95987	41.8964
39.5635	14.0061	5.17482	41.6818
39.5769	12.7395	2.73225	40.9124
39.5903	11.3523	0.714934	39.7474
39.6037	9.91457	-0.859656	38.3407
39.618	8.38379	-2.09259	36.7069
39.6356	6.61114	-3.06245	34.6957
39.6564	4.72863	-3.65142	32.4363
39.6772	3.13	-3.85429	30.3877
39.698	1.81588	-3.85221	28.556
39.7201	0.699865	-3.76252	26.8197
39.7404	-0.110279	-3.67832	25.3886
39.7579	-0.679185	-3.6378	24.2564
39.7754	-1.15395	-3.64396	23.2081
39.7935	-1.57142	-3.70949	22.2021
39.8116	-1.93615	-3.84135	21.272
39.8309	-2.28919	-4.0593	20.3617
39.851	-2.63886	-4.37431	19.5048
39.8719	-3.00706	-4.80478	18.7095
39.8939	-3.41771	-5.3746	17.9938
39.917	-3.89908	-6.11555	17.388
39.9416	-4.48639	-7.06967	16.9425
39.9679	-5.22667	-8.29263	16.7421
39.9965	-6.19128	-9.86159	16.9401
40.0296	-7.52391	-11.909	17.8763
40.0626	-9.07256	-14.0073	19.7838
40.0866	-10.2765	-15.3258	21.8665
40.1098	-11.42	-16.1851	24.409
40.1329	-12.4393	-16.3954	27.3322
40.1516	-13.0856	-15.9527	29.7934
40.1713	-13.5059	-14.8527	32.2165
40.191	-13.5987	-13.168	34.2269
40.2078	-13.3937	-11.3947	35.4603
40.2247	-12.932	-9.47545	36.1687
40.2415	-12.2438	-7.57116	36.348
40.2583	-11.3777	-5.81936	36.0526
40.2752	-10.3933	-4.31423	35.3752
40.2928	-9.30035	-3.0503	34.3706
40.3117	-8.1286	-2.05342	33.0851
40.3324	-6.91913	-1.34271	31.5626
40.355	-5.74074	-0.926001	29.8686
40.3793	-4.68407	-0.778928	28.1017
40.4057	-3.78066	-0.845863	26.2725
40.4295	-3.17737	-1.02863	24.7302
40.4547	-2.72946	-1.29666	23.2084
40.4799	-2.44701	-1.61608	21.7937
40.505	-2.30347	-1.97917	20.4831
40.5302	-2.27804	-2.39077	19.2755
40.5553	-2.35665	-2.86425	18.1726
40.5805	-2.53208	-3.41903	17.1799
40.6073	-2.82478	-4.12663	16.2557
40.6375	-3.29546	-5.11307	15.4046
40.6754	-4.12261	-6.70277	14.7119
40.7081	-5.09427	-8.46873	14.5761
40.7386	-6.24702	-10.4603	15.0083
40.7704	-7.73188	-12.8422	16.2755
40.7987	-9.27596	-15.0297	18.3338
40.8239	-10.7657	-16.7385	21.043
40.8463	-12.0786	-17.7416	24.1238
40.8654	-13.0954	-17.9704	27.1364
40.8846	-13.909	-17.4436	30.2709
40.9037	-14.4151	-16.0937	33.2208
40.9209	-14.537	-14.2465	35.4343
40.938	-14.3105	-11.9656	37.0315
40.953	-13.8317	-9.805	37.8335
40.968	-13.1182	-7.65617	38.0802
40.9829	-12.2149	-5.66145	37.8266
40.9979	-11.1772	-3.92147	37.1667
41.0137	-9.99685	-2.41444	36.1464
41.0306	-8.7177	-1.19788	34.8314
41.0489	-7.37219	-0.287688	33.2706
41.0691	-6.0145	0.30851	31.5215
41.0908	-4.74903	0.604636	29.6995
41.1149	-3.59134	0.666538	27.7869
41.139	-2.68785	0.570959	26.0108
41.1599	-2.08624	0.427142	24.5752
41.1808	-1.62776	0.262456	23.2288
41.2018	-1.28733	0.095505	21.9632
41.22	-1.0686	-0.0452131	20.9182
41.2383	-0.909334	-0.179305	19.9253
41.2566	-0.798526	-0.30753	18.9815
41.2758	-0.724595	-0.438455	18.0395
41.2958	-0.685465	-0.57466	17.1099
41.3167	-0.678873	-0.722801	16.1887
41.3385	-0.70409	-0.889374	15.287
41.3615	-0.762932	-1.08824	14.393
41.3865	-0.863117	-1.34237	13.4903
41.414	-1.02021	-1.6874	12.5737
41.4443	-1.25864	-2.17518	11.6619
41.4781	-1.62648	-2.90399	10.7746
41.5053	-2.02333	-3.68118	10.1783
41.5337	-2.56388	-4.7343	9.69909
41.5621	-3.27049	-6.10304	9.42286
41.5905	-4.19018	-7.86549	9.44665
41.621	-5.47832	-10.2785	9.99189
41.6447	-6.73386	-12.5404	10.9801
41.6703	-8.36194	-15.2874	12.8548
41.6958	-10.2584	-18.1126	15.8627
41.7176	-12.0154	-20.2038	19.5005
41.7374	-13.6091	-21.4219	23.6592
41.7539	-14.8294	-21.6199	27.6223
41.7711	-15.8466	-20.7879	31.8702
41.7861	-16.4266	-19.1083	35.3865
41.8012	-16.6309	-16.6125	38.3687
41.8144	-16.4597	-13.8957	40.3393
41.8277	-15.9529	-10.9226	41.5671
41.841	-15.1355	-7.9294	42.0349
41.8543	-14.0575	-5.12751	41.8141
41.8676	-12.7856	-2.67053	41.0382
41.8809	-11.393	-0.640928	39.8668
41.8942	-9.94949	0.944031	38.4542
41.9084	-8.4147	2.18422	36.8181
41.926	-6.61758	3.17002	34.7841
41.9466	-4.72875	3.76229	32.5271
41.9673	-3.12205	3.96825	30.4831
41.9879	-1.79857	3.9684	28.6577
42.0098	-0.671509	3.8799	26.9289
42.0301	0.156555	3.79517	25.4912
42.0477	0.740742	3.75457	24.3504
42.0654	1.22779	3.76226	23.2963
42.083	1.64209	3.828	22.3205
42.1017	2.02656	3.96785	21.3644
42.1204	2.37595	4.18421	20.4879
42.1406	2.73443	4.50611	19.6351
42.1615	3.11095	4.945	18.8486
42.1836	3.53071	5.52543	18.1454
42.2068	4.0225	6.27911	17.5576
42.2314	4.6222	7.2479	17.1376
42.2578	5.37786	8.4868	16.9748
42.2868	6.3626	10.0712	17.2312
42.3198	7.70357	12.097	18.2482
42.3529	9.24583	14.1282	20.2397
42.3764	10.4067	15.3396	22.3216
42.399	11.4928	16.086	24.8092
42.4216	12.4474	16.2029	27.6232
42.4409	13.0666	15.6828	30.0737
42.4601	13.4319	14.5634	32.3453
42.4794	13.4879	12.9172	34.2114
42.4966	13.2553	11.1324	35.3892
42.5138	12.7644	9.21764	36.0324
42.531	12.049	7.33644	36.144
42.5482	11.1615	5.6247	35.7858
42.5654	10.1639	4.17184	35.0559
42.5835	9.06936	2.97067	34.0118
42.6029	7.90351	2.03715	32.6944
42.6241	6.71155	1.38974	31.149
42.6472	5.56785	1.0329	29.4471
42.672	4.55764	0.935654	27.6819
42.6991	3.70693	1.04421	25.8543
42.7217	3.18842	1.23916	24.4301
42.7469	2.78637	1.52717	22.9414
42.7721	2.54454	1.86893	21.5593
42.7973	2.43845	2.26005	20.2822
42.8225	2.44951	2.70782	19.1109
42.8478	2.56589	3.22755	18.0491
42.873	2.78252	3.84029	17.1053
42.901	3.14274	4.66174	16.2126
42.9332	3.72456	5.8365	15.4337
42.9768	4.8487	7.92732	14.9494
43.0052	5.8262	9.64195	15.1408
43.0353	7.10028	11.7446	15.9739
43.0654	8.6165	14.0086	17.6775
43.0955	10.3149	16.1129	20.4614
43.1167	11.5344	17.2016	23.0949
43.1364	12.6043	17.6839	25.9793
43.1571	13.541	17.4238	29.2273
43.175	14.1062	16.4676	31.9796
43.1929	14.3651	14.85	34.4042
43.2108	14.2694	12.705	36.2631
43.226	13.901	10.6378	37.2767
43.2412	13.2872	8.51626	37.7374
43.2564	12.4663	6.49237	37.6773
43.2716	11.4902	4.68361	37.1757
43.2874	10.3726	3.10636	36.297
43.3041	9.14731	1.8056	35.1037
43.3222	7.8442	0.801454	33.6456
43.342	6.50726	0.105953	31.9723
43.3636	5.22032	-0.282772	30.1707
43.3861	4.09278	-0.41043	28.374
43.4108	3.11224	-0.355196	26.5344
43.4304	2.50367	-0.231985	25.1623
43.4522	1.98549	-0.0570797	23.7351
43.4706	1.65657	0.103026	22.6015
43.4889	1.41	0.265835	21.5263
43.5073	1.23209	0.42806	20.5056
43.5266	1.10621	0.598157	19.4868
43.546	1.03247	0.770143	18.5216
43.5668	1.00171	0.962303	17.54
43.5883	1.01521	1.17608	16.5838
43.6107	1.0728	1.42421	15.6515
43.6346	1.18066	1.73116	14.725
43.6609	1.35539	2.13752	13.7898
43.6903	1.62737	2.70729	12.8532
43.7233	2.05017	3.54803	11.9506
43.7529	2.56198	4.5424	11.3083
43.7825	3.23596	5.83522	10.877
43.8121	4.11723	7.50292	10.7478
43.8429	5.31103	9.71097	11.0982
43.869	6.5858	11.979	11.9775
43.896	8.18841	14.6459	13.7126
43.923	10.0598	17.3894	16.5842
43.9448	11.6948	19.3072	19.8854
43.9651	13.215	20.4692	23.7552
43.9823	14.3891	20.679	27.4861
43.9995	15.3374	19.9582	31.3585
44.0167	15.9394	18.2198	35.0006
44.0316	16.1019	15.9522	37.6617
44.0466	15.8877	13.1702	39.6157
44.0597	15.3855	10.5028	40.6481
44.0729	14.6142	7.83419	41.0263
44.086	13.6181	5.33595	40.8124
44.0992	12.4544	3.13318	40.1161
44.1124	11.1851	1.29496	39.0678
44.1265	9.77043	-0.256003	37.693
44.1416	8.27393	-1.45704	36.0881
44.1586	6.67766	-2.33716	34.2523
44.1819	4.72709	-2.94958	31.8449
44.2052	3.10561	-3.13257	29.6569
44.2285	1.80939	-3.10194	27.6977
44.2519	0.798841	-2.99846	25.9399
44.2716	0.126934	-2.91724	24.5851
44.2893	-0.362322	-2.87575	23.4595
44.3069	-0.769011	-2.87686	22.4078
44.3246	-1.11408	-2.92795	21.4235
44.3429	-1.42603	-3.03832	20.4711
44.3619	-1.71988	-3.21845	19.5518
44.3817	-2.01172	-3.4809	18.6685
44.4023	-2.3191	-3.84191	17.828
44.4239	-2.66202	-4.32331	17.0423
44.4467	-3.0642	-4.95461	16.3325
44.4706	-3.55508	-5.77551	15.733
44.496	-4.17298	-6.83928	15.301
44.5231	-4.97225	-8.21965	15.1335
44.5529	-6.04623	-10.0343	15.4169
44.585	-7.4638	-12.2959	16.4763
44.6138	-8.95294	-14.4258	18.3074
44.6426	-10.5806	-16.3217	21.1388
44.6636	-11.7695	-17.2666	23.8383
44.6832	-12.7882	-17.5791	26.7344
44.7029	-13.6161	-17.1657	29.7824
44.7225	-14.1487	-15.946	32.6858
44.7422	-14.2983	-13.9836	35.1131
44.7574	-14.1189	-12.0827	36.4889
44.7734	-13.6543	-9.9109	37.3612
44.7894	-12.9352	-7.73724	37.6393
44.8054	-12.0114	-5.72232	37.3807
44.8214	-10.9459	-3.97876	36.6888
44.8374	-9.8047	-2.56308	35.6851
44.8547	-8.5491	-1.40349	34.3742
44.8737	-7.23423	-0.545704	32.8195
44.8945	-5.91811	0.00283424	31.0799
44.9168	-4.70434	0.259191	29.2699
44.9401	-3.66619	0.291464	27.4796
44.9659	-2.77917	0.168754	25.6347
44.9844	-2.29199	0.0276424	24.3929
45.0048	-1.88026	-0.150818	23.1022
45.0253	-1.57865	-0.338968	21.8858
45.0457	-1.36786	-0.530165	20.7383
45.0661	-1.23153	-0.723511	19.655
45.0865	-1.15651	-0.921853	18.6325
45.1077	-1.13288	-1.13794	17.6358
45.1288	-1.15663	-1.37279	16.699
45.1516	-1.23011	-1.65757	15.7548
45.1759	-1.36152	-2.01352	14.8193
45.2029	-1.57282	-2.49202	13.8762
45.2332	-1.9023	-3.17157	12.9428
45.2677	-2.42408	-4.19808	12.0657
45.2969	-3.01894	-5.34265	11.5258
45.3261	-3.79473	-6.81325	11.2429
45.3565	-4.8439	-8.76335	11.3479
45.3842	-6.06172	-10.9551	11.9746
45.4119	-7.56299	-13.5105	13.3491
45.4367	-9.14658	-15.9621	15.4525
45.4614	-10.9115	-18.2715	18.5958
45.4828	-12.4908	-19.7722	22.219
45.5008	-13.7491	-20.3514	25.8226
45.5197	-14.8693	-20.0017	29.9027
45.5354	-15.5387	-18.8329	33.2423
45.5511	-15.8807	-16.8741	36.2168
45.5669	-15.8372	-14.2686	38.5487
45.5803	-15.4791	-11.7244	39.8822
45.5937	-14.8385	-9.08584	40.5621
45.6071	-13.9512	-6.53808	40.6185
45.6205	-12.8696	-4.2297	40.1406
45.6339	-11.6548	-2.2559	39.2512
45.648	-10.303	-0.586287	38.0164
45.663	-8.85427	0.742838	36.5164
45.6791	-7.34378	1.72705	34.818
45.6991	-5.62301	2.4382	32.7408
45.7229	-3.87368	2.78412	30.4458
45.7466	-2.45808	2.82661	28.3742
45.7704	-1.34944	2.7389	26.5127
45.7941	-0.497673	2.62773	24.83
45.8114	-0.0073411	2.56792	23.7021
45.8302	0.430851	2.54085	22.5538
45.849	0.793578	2.56309	21.4803
45.8678	1.10278	2.64048	20.4757
45.8866	1.37742	2.77683	19.5365
45.9053	1.63382	2.9754	18.6609
45.9255	1.90491	3.26219	17.7915
45.9466	2.1996	3.64955	16.964
45.9687	2.53829	4.16223	16.1906
45.992	2.9452	4.83311	15.4945
46.0165	3.45088	5.70634	14.9138
46.0424	4.09584	6.84122	14.5104
46.07	4.93957	8.32193	14.3911
46.1005	6.0931	10.2949	14.7704
46.131	7.50667	12.5752	15.8965
46.1615	9.17025	14.9696	18.0296
46.1855	10.6001	16.6603	20.5581
46.2082	11.9633	17.7859	23.6599
46.2274	13.0201	18.1182	26.6952
46.2466	13.8842	17.693	29.895
46.2658	14.4472	16.4215	32.9511
46.285	14.6169	14.3656	35.5163
46.2998	14.4454	12.3815	36.9709
46.3154	13.9808	10.1037	37.9092
46.3309	13.2519	7.81692	38.2295
46.3465	12.3085	5.69	37.9898
46.3621	11.2141	3.84258	37.297
46.3776	10.036	2.33605	36.2778
46.3944	8.74705	1.10621	34.9553
46.4126	7.39086	0.18514	33.3879
46.4326	6.02058	-0.420355	31.633
46.4541	4.74165	-0.724004	29.8076
46.478	3.56653	-0.792743	27.8899
46.5019	2.64641	-0.703175	26.1107
46.5228	2.02842	-0.564382	24.667
46.5437	1.5553	-0.406049	23.3139
46.5646	1.20135	-0.247723	22.0426
46.5854	0.943077	-0.0987816	20.8455
46.6037	0.779208	0.0218334	19.851
46.6221	0.662174	0.133563	18.9055
46.6404	0.582808	0.238432	18.0061
46.6598	0.531885	0.345012	17.1026
46.68	0.508109	0.455802	16.2081
46.7012	0.50995	0.57663	15.321
46.7234	0.537208	0.714367	14.4471
46.7472	0.592546	0.882235	13.5725
46.7731	0.684007	1.10188	12.6819
46.8013	0.823745	1.40088	11.7881
46.8323	1.03519	1.82947	10.8962
46.8614	1.30281	2.36054	10.1514
46.8905	1.65831	3.06114	9.50586
46.9196	2.12943	3.98753	8.9827
46.9487	2.75308	5.21105	8.62564
46.9777	3.57684	6.81747	8.51318
47.0068	4.65901	8.89825	8.78146
47.0359	6.06416	11.5218	9.65639
47.0579	7.37633	13.8581	10.9286
47.0819	9.06305	16.6364	13.1668
47.1058	10.9845	19.3679	16.5574
47.1266	12.7488	21.2758	20.5524
47.1445	14.2385	22.1827	24.7558
47.1605	15.4167	22.1057	28.8819
47.1764	16.3333	20.9982	33.0565
47.1924	16.869	18.8132	36.8749
47.2059	16.9537	16.225	39.5212
47.2195	16.6674	13.1698	41.4152
47.233	16.0147	9.91158	42.4592
47.2465	15.034	6.72159	42.6708
47.2601	13.7907	3.82454	42.1659
47.2736	12.3654	1.3657	41.1186
47.2871	10.8413	-0.595058	39.7169
47.3006	9.29391	-2.06821	38.1282
47.3159	7.59721	-3.21569	36.2719
47.3371	5.43429	-4.11084	33.7864
47.3569	3.6779	-4.45504	31.6674
47.3768	2.20374	-4.52687	29.7807
47.3966	0.995855	-4.46985	28.1077
47.4202	-0.141708	-4.36202	26.3523
47.4369	-0.784836	-4.30825	25.2404
47.4552	-1.37126	-4.2968	24.1239
47.4734	-1.8632	-4.34905	23.1022
47.4917	-2.28784	-4.4733	22.1675
47.5111	-2.69148	-4.68931	21.2661
47.5312	-3.08369	-5.00824	20.4305
47.5522	-3.48898	-5.44771	19.6699
47.5742	-3.93322	-6.02987	19.0041
47.5974	-4.44611	-6.78342	18.4673
47.6221	-5.06377	-7.74501	18.1156
47.6486	-5.83315	-8.96004	18.0436
47.6777	-6.82195	-10.4822	18.4202
47.711	-8.1356	-12.3503	19.5812
47.7407	-9.43823	-13.9306	21.4027
47.7667	-10.5995	-14.9883	23.6204
47.7891	-11.5359	-15.4485	25.9271
47.8115	-12.318	-15.3206	28.432
47.8338	-12.8474	-14.5105	30.8849
47.8562	-13.0385	-13.0452	32.9906
47.8739	-12.917	-11.5335	34.2307
47.8923	-12.5334	-9.77208	35.031
47.9107	-11.9137	-7.98473	35.3039
47.9291	-11.1065	-6.31906	35.0902
47.9475	-10.1735	-4.88069	34.4769
47.9659	-9.17961	-3.72416	33.57
47.9858	-8.10011	-2.79734	32.3725
48.0076	-6.99198	-2.14119	30.9381
48.0313	-5.92017	-1.76584	29.3261
48.0569	-4.96398	-1.6543	27.6174
48.0853	-4.15771	-1.76914	25.8162
48.1124	-3.62084	-2.03043	24.2076
48.1407	-3.27567	-2.4119	22.6526
48.169	-3.1217	-2.88414	21.2332
48.1974	-3.13408	-3.44944	19.9565
48.2257	-3.2967	-4.12519	18.8349
48.2541	-3.60309	-4.93839	17.8893
48.2837	-4.07907	-5.96872	17.1266
48.3178	-4.84123	-7.43369	16.6098
48.3527	-5.88337	-9.27423	16.625
48.3843	-7.07626	-11.2184	17.2962
48.416	-8.4961	-13.2916	18.8006
48.4434	-9.86156	-14.9617	20.918
48.4708	-11.2503	-16.1736	23.8157
48.4899	-12.1442	-16.5294	26.205
48.5113	-12.9753	-16.2734	29.0589
48.5327	-13.5195	-15.2343	31.8128
48.5517	-13.686	-13.6885	33.9042
48.5707	-13.5139	-11.7035	35.4417
48.5869	-13.1022	-9.83628	36.2172
48.603	-12.4707	-7.95787	36.4899
48.6192	-11.6612	-6.19959	36.301
48.6353	-10.7258	-4.65708	35.7291
48.6525	-9.65102	-3.30725	34.8043
48.6709	-8.48732	-2.22024	33.5857
48.6909	-7.27078	-1.41671	32.1167
48.7128	-6.06043	-0.908724	30.4535
48.7365	-4.94692	-0.683444	28.6914
48.7618	-3.99075	-0.68731	26.8924
48.7896	-3.20719	-0.866565	25.0391
48.8113	-2.77164	-1.07958	23.6929
48.8345	-2.45013	-1.35123	22.3436
48.8577	-2.25515	-1.65772	21.0835
48.8809	-2.16756	-1.99871	19.9103
48.904	-2.17291	-2.3812	18.8233
48.9272	-2.26181	-2.8174	17.8243
48.9522	-2.44629	-3.36674	16.8502
48.9793	-2.75082	-4.08247	15.9276
49.0103	-3.24284	-5.09934	15.0722
49.049	-4.10705	-6.75115	14.3928
49.0834	-5.15944	-8.65959	14.3027
49.1133	-6.33148	-10.6811	14.8031
49.1445	-7.83224	-13.084	16.1457
49.1757	-9.59057	-15.5376	18.6071
49.1976	-10.9175	-17.0148	21.1164
49.2193	-12.2129	-17.9768	24.2118
49.2385	-13.2467	-18.174	27.3264
49.2576	-14.0651	-17.5785	30.5525
49.2768	-14.5595	-16.1266	33.5643
49.2934	-14.658	-14.2476	35.7289
49.31	-14.4192	-11.9588	37.2861
49.3266	-13.8491	-9.4839	38.1377
49.3415	-13.0907	-7.3022	38.3037
49.3563	-12.147	-5.29859	37.9722
49.3712	-11.0755	-3.56838	37.2443
49.387	-9.86423	-2.08123	36.1635
49.4038	-8.55737	-0.891525	34.7964
49.4222	-7.18851	-0.0130404	33.1922
49.4424	-5.81681	0.548998	31.4136
49.4639	-4.55651	0.814649	29.5912
49.4876	-3.41222	0.858213	27.6966
49.5125	-2.48342	0.75201	25.8645
49.5329	-1.89724	0.612494	24.4601
49.5543	-1.43109	0.453075	23.0898
49.5756	-1.08487	0.297792	21.8037
49.5942	-0.861056	0.172506	20.7432
49.6128	-0.695561	0.0587084	19.7365
49.6315	-0.576555	-0.0442732	18.7802
49.6501	-0.494465	-0.138474	17.8712
49.6687	-0.441763	-0.226669	17.0068
49.6886	-0.411431	-0.317997	16.1285
49.7096	-0.403191	-0.414682	15.2571
49.7315	-0.416275	-0.522276	14.3952
49.7547	-0.451585	-0.649456	13.5377
49.7798	-0.513685	-0.811134	12.6693
49.8071	-0.610719	-1.02721	11.7936
49.8369	-0.757326	-1.33023	10.9154
49.8696	-0.979143	-1.77431	10.0463
49.8979	-1.23893	-2.28921	9.3766
49.9262	-1.58181	-2.96749	8.79514
49.9545	-2.03418	-3.86241	8.32311
49.9829	-2.63092	-5.04173	7.99999
50	-3.08012	-5.92669	7.90475
