0	1	1
0.001	1.001	1
0.0055	1.00553	1
0.02575	1.02643	1
0.116875	1.13234	1
0.250197	1.33368	1
0.360529	1.56379	1
0.451723	1.8239	1
0.529526	2.12551	1
0.595836	2.47424	1
0.65247	2.87745	1
0.700915	3.34353	1
0.742416	3.88222	1
0.778012	4.50475	1
0.80858	5.2241	1
0.834855	6.05527	1
0.857461	7.01559	1
0.876925	8.12508	1
0.893695	9.40687	1
0.908153	10.8877	1
0.920625	12.5984	1
0.931388	14.5746	1
0.94068	16.8576	1
0.948705	19.4949	1
0.955638	22.5415	1
0.961629	26.061	1
0.966807	30.1266	1
0.971284	34.8231	1
0.975155	40.2485	1
0.978502	46.5157	1
0.981398	53.7555	1
0.983902	62.1188	1
0.986069	71.7799	1
0.987943	82.9401	1
0.989565	95.8322	1
0.990969	110.725	1
0.992183	127.928	1
0.993234	147.801	1
0.994144	170.758	1
0.994931	197.278	1
0.995613	227.912	1
0.996202	263.301	1
0.996713	304.18	1
0.997155	351.403	1
0.997537	405.954	1
0.997868	468.97	1
0.998154	541.765	1
0.998402	625.855	1
0.998617	722.995	1
0.998803	835.208	1
0.998964	964.833	1
0.999103	1114.57	1
0.999224	1287.55	1
0.999328	1487.37	1
0.999418	1718.19	1
0.999496	1984.84	1
0.999564	2292.86	1
0.999623	2648.67	1
0.999673	3059.7	1
0.999717	3534.52	1
0.999755	4083.01	1
0.999788	4716.61	1
0.999817	5448.54	1
0.999841	6294.04	1
0.999863	7270.74	1
0.999881	8399	1
0.999897	9702.34	1
0.999911	11207.9	1
0.999923	12947.1	1
0.999933	14956.2	1
0.999942	17277.1	1
0.99995	19958.1	1
0.999957	23055.1	1
0.999963	26632.8	1
0.999968	30765.5	1
0.999972	35539.6	1
0.999976	41054.5	1
0.999979	47425.2	1
0.999982	54784.4	1
0.999984	63285.6	1
0.999987	73106	1
0.999988	84450.3	1
0.99999	97555	1
0.999991	112693	1
0.999993	130180	1
0.999994	150381	1
0.999995	173717	1
0.999995	200673	1
0.999996	231813	1
0.999997	267784	1
0.999997	309338	1
0.999997	357340	1
0.999998	412790	1
0.999998	476845	1
0.999998	550840	1
0.999999	636317	1
0.999999	735057	1
0.999999	849120	1
0.999999	980883	1
0.999999	1.13309e+06	1
1	1.30892e+06	1
1	1.51203e+06	1
1	1.74666e+06	1
1	2.0177e+06	1
1	2.3308e+06	1
1	2.69248e+06	1
1	3.11029e+06	1
1	3.59293e+06	1
1	4.15046e+06	1
1	4.79451e+06	1
1	5.5385e+06	1
1	6.39794e+06	1
1	7.39075e+06	1
1	8.53761e+06	1
1	9.86244e+06	1
1	1.13928e+07	1
1	1.31607e+07	1
1	1.5203e+07	1
1	1.75621e+07	1
1	2.02873e+07	1
1	2.34354e+07	1
1	2.7072e+07	1
1	3.12729e+07	1
1	3.61257e+07	1
1	4.17315e+07	1
1	4.82072e+07	1
1	5.56878e+07	1
1	6.43291e+07	1
1	7.43114e+07	1
1	8.58427e+07	1
1	9.91634e+07	1
1	1.14551e+08	1
1	1.32327e+08	1
1	1.52861e+08	1
1	1.76581e+08	1
1	2.03982e+08	1
1	2.35635e+08	1
1	2.72199e+08	1
1	3.14438e+08	1
1	3.63231e+08	1
1	4.19596e+08	1
1	4.84707e+08	1
1	5.59921e+08	1
1	6.46807e+08	1
1	7.47176e+08	1
1	8.63119e+08	1
1	9.97054e+08	1
1	1.15177e+09	1
1	1.3305e+09	1
1	1.53696e+09	1
1	1.77546e+09	1
1	2.05097e+09	1
1	2.36923e+09	1
1	2.73687e+09	1
1	3.16157e+09	1
1	3.65216e+09	1
1	4.21889e+09	1
1	4.87356e+09	1
1	5.62981e+09	1
1	6.50342e+09	1
1	7.51259e+09	1
1	8.67836e+09	1
1	1.0025e+10	1
1	1.15807e+10	1
1	1.33777e+10	1
1	1.54536e+10	1
1	1.78516e+10	1
1	2.06218e+10	1
1	2.38217e+10	1
1	2.75183e+10	1
1	3.17885e+10	1
1	3.67212e+10	1
1	4.24195e+10	1
1	4.90019e+10	1
1	5.66058e+10	1
1	6.53897e+10	1
1	7.55365e+10	1
1	8.72579e+10	1
1	1.00798e+11	1
1	1.1644e+11	1
1	1.34508e+11	1
1	1.55381e+11	1
1	1.79492e+11	1
1	2.07345e+11	1
1	2.39519e+11	1
1	2.76687e+11	1
1	3.19622e+11	1
1	3.69219e+11	1
1	4.26513e+11	1
1	4.92698e+11	1
1	5.69152e+11	1
1	6.5747e+11	1
1	7.59494e+11	1
1	8.77349e+11	1
1	1.01349e+12	1
1	1.17076e+12	1
1	1.35243e+12	1
1	1.5623e+12	1
1	1.80473e+12	1
1	2.08478e+12	1
1	2.40828e+12	1
1	2.78199e+12	1
1	3.21369e+12	1
1	3.71237e+12	1
1	4.28844e+12	1
1	4.9539e+12	1
1	5.72263e+12	1
1	6.61064e+12	1
1	7.63645e+12	1
1	8.82144e+12	1
1	1.01903e+13	1
1	1.17716e+13	1
1	1.35983e+13	1
1	1.57084e+13	1
1	1.81459e+13	1
1	2.09617e+13	1
1	2.42145e+13	1
1	2.7972e+13	1
1	3.23125e+13	1
1	3.73266e+13	1
1	4.31188e+13	1
1	4.98098e+13	1
1	5.7539e+13	1
1	6.64677e+13	1
1	7.67818e+13	1
1	8.86965e+13	1
1	1.0246e+14	1
1	1.18359e+14	1
1	1.36726e+14	1
1	1.57942e+14	1
1	1.82451e+14	1
1	2.10763e+14	1
1	2.43468e+14	1
1	2.81248e+14	1
1	3.24891e+14	1
1	3.75306e+14	1
1	4.33545e+14	1
1	5.0082e+14	1
1	5.78535e+14	1
1	6.6831e+14	1
1	7.72015e+14	1
1	8.91813e+14	1
1	1.0302e+15	1
1	1.19006e+15	1
1	1.37473e+15	1
1	1.58805e+15	1
1	1.83448e+15	1
1	2.11915e+15	1
1	2.44799e+15	1
1	2.82786e+15	1
1	3.26667e+15	1
1	3.77358e+15	1
1	4.35914e+15	1
1	5.03557e+15	1
1	5.81697e+15	1
1	6.71962e+15	1
1	7.76234e+15	1
1	8.96687e+15	1
1	1.03583e+16	1
1	1.19657e+16	1
1	1.38224e+16	1
1	1.59673e+16	1
1	1.84451e+16	1
1	2.13073e+16	1
1	2.46137e+16	1
1	2.84331e+16	1
1	3.28452e+16	1
1	3.7942e+16	1
1	4.38297e+16	1
1	5.0631e+16	1
1	5.84876e+16	1
1	6.75635e+16	1
1	7.80477e+16	1
1	9.01588e+16	1
1	1.04149e+17	1
1	1.20311e+17	1
1	1.3898e+17	1
1	1.60546e+17	1
1	1.85459e+17	1
1	2.14238e+17	1
1	2.47482e+17	1
1	2.85885e+17	1
1	3.30247e+17	1
1	3.81494e+17	1
1	4.40692e+17	1
1	5.09077e+17	1
1	5.88073e+17	1
1	6.79328e+17	1
1	7.84743e+17	1
1	9.06515e+17	1
1	1.04718e+18	1
1	1.20968e+18	1
1	1.39739e+18	1
1	1.61424e+18	1
1	1.86473e+18	1
1	2.15408e+18	1
1	2.48835e+18	1
1	2.87448e+18	1
1	3.32052e+18	1
1	3.83579e+18	1
1	4.43101e+18	1
1	5.11859e+18	1
1	5.91287e+18	1
1	6.8304e+18	1
1	7.89031e+18	1
1	9.1147e+18	1
1	1.05291e+19	1
1	1.21629e+19	1
1	1.40503e+19	1
1	1.62306e+19	1
1	1.87492e+19	1
1	2.16586e+19	1
1	2.50195e+19	1
1	2.89019e+19	1
1	3.33867e+19	1
1	3.85675e+19	1
1	4.45523e+19	1
1	5.14657e+19	1
1	5.94519e+19	1
1	6.86774e+19	1
1	7.93344e+19	1
1	9.16451e+19	1
1	1.05866e+20	1
1	1.22294e+20	1
1	1.41271e+20	1
1	1.63193e+20	1
1	1.88516e+20	1
1	2.1777e+20	1
1	2.51562e+20	1
1	2.90598e+20	1
1	3.35692e+20	1
1	3.87783e+20	1
1	4.47958e+20	1
1	5.1747e+20	1
1	5.97768e+20	1
1	6.90527e+20	1
1	7.9768e+20	1
1	9.2146e+20	1
1	1.06445e+21	1
1	1.22962e+21	1
1	1.42043e+21	1
1	1.64085e+21	1
1	1.89547e+21	1
1	2.1896e+21	1
1	2.52937e+21	1
1	2.92187e+21	1
1	3.37527e+21	1
1	3.89903e+21	1
1	4.50406e+21	1
1	5.20298e+21	1
1	6.01035e+21	1
1	6.94301e+21	1
1	8.0204e+21	1
1	9.26496e+21	1
1	1.07027e+22	1
1	1.23634e+22	1
1	1.4282e+22	1
1	1.64982e+22	1
1	1.90583e+22	1
1	2.20156e+22	1
1	2.54319e+22	1
1	2.93783e+22	1
1	3.39371e+22	1
1	3.92034e+22	1
1	4.52868e+22	1
1	5.23141e+22	1
1	6.0432e+22	1
1	6.98096e+22	1
1	8.06423e+22	1
1	9.3156e+22	1
1	1.07612e+23	1
1	1.2431e+23	1
1	1.436e+23	1
1	1.65883e+23	1
1	1.91624e+23	1
1	2.2136e+23	1
1	2.55709e+23	1
1	2.95389e+23	1
1	3.41226e+23	1
1	3.94176e+23	1
1	4.55343e+23	1
1	5.26001e+23	1
1	6.07623e+23	1
1	7.01911e+23	1
1	8.10831e+23	1
1	9.36652e+23	1
1	1.082e+24	1
1	1.2499e+24	1
1	1.44385e+24	1
1	1.6679e+24	1
1	1.92672e+24	1
1	2.2257e+24	1
1	2.57107e+24	1
1	2.97004e+24	1
1	3.43091e+24	1
1	3.96331e+24	1
1	4.57831e+24	1
1	5.28876e+24	1
1	6.10944e+24	1
1	7.05747e+24	1
1	8.15262e+24	1
1	9.41771e+24	1
1	1.08791e+25	1
1	1.25673e+25	1
1	1.45174e+25	1
1	1.67702e+25	1
1	1.93725e+25	1
1	2.23786e+25	1
1	2.58512e+25	1
1	2.98627e+25	1
1	3.44966e+25	1
1	3.98497e+25	1
1	4.60334e+25	1
1	5.31766e+25	1
1	6.14283e+25	1
1	7.09605e+25	1
1	8.19718e+25	1
1	9.46918e+25	1
1	1.09386e+26	1
1	1.2636e+26	1
1	1.45968e+26	1
1	1.68618e+26	1
1	1.94783e+26	1
1	2.25009e+26	1
1	2.59925e+26	1
1	3.00259e+26	1
1	3.46852e+26	1
1	4.00675e+26	1
1	4.6285e+26	1
1	5.34672e+26	1
1	6.1764e+26	1
1	7.13483e+26	1
1	8.24198e+26	1
1	9.52093e+26	1
1	1.09983e+27	1
1	1.2705e+27	1
1	1.46765e+27	1
1	1.6954e+27	1
1	1.95848e+27	1
1	2.26239e+27	1
1	2.61346e+27	1
1	3.019e+27	1
1	3.48747e+27	1
1	4.02865e+27	1
1	4.65379e+27	1
1	5.37595e+27	1
1	6.21016e+27	1
1	7.17383e+27	1
1	8.28703e+27	1
1	9.57297e+27	1
1	1.10585e+28	1
1	1.27745e+28	1
1	1.47567e+28	1
1	1.70466e+28	1
1	1.96918e+28	1
1	2.27475e+28	1
1	2.62774e+28	1
1	3.0355e+28	1
1	3.50654e+28	1
1	4.05066e+28	1
1	4.67923e+28	1
1	5.40533e+28	1
1	6.2441e+28	1
1	7.21303e+28	1
1	8.33232e+28	1
1	9.62529e+28	1
1	1.11189e+29	1
1	1.28443e+29	1
1	1.48374e+29	1
1	1.71398e+29	1
1	1.97995e+29	1
1	2.28719e+29	1
1	2.6421e+29	1
1	3.05209e+29	1
1	3.5257e+29	1
1	4.0728e+29	1
1	4.7048e+29	1
1	5.43487e+29	1
1	6.27823e+29	1
1	7.25246e+29	1
1	8.37786e+29	1
1	9.6779e+29	1
1	1.11797e+30	1
1	1.29145e+30	1
1	1.49185e+30	1
1	1.72335e+30	1
1	1.99077e+30	1
1	2.29969e+30	1
1	2.65654e+30	1
1	3.06877e+30	1
1	3.54497e+30	1
1	4.09506e+30	1
1	4.73052e+30	1
1	5.46458e+30	1
1	6.31254e+30	1
1	7.29209e+30	1
1	8.42365e+30	1
1	9.73079e+30	1
1	1.12408e+31	1
1	1.29851e+31	1
1	1.5e+31	1
1	1.73277e+31	1
1	2.00165e+31	1
1	2.31226e+31	1
1	2.67106e+31	1
1	3.08554e+31	1
1	3.56434e+31	1
1	4.11744e+31	1
1	4.75637e+31	1
1	5.49444e+31	1
1	6.34704e+31	1
1	7.33195e+31	1
1	8.46969e+31	1
1	9.78398e+31	1
1	1.13022e+32	1
1	1.3056e+32	1
1	1.5082e+32	1
1	1.74224e+32	1
1	2.01259e+32	1
1	2.32489e+32	1
1	2.68566e+32	1
1	3.10241e+32	1
1	3.58383e+32	1
1	4.13995e+32	1
1	4.78237e+32	1
1	5.52447e+32	1
1	6.38173e+32	1
1	7.37202e+32	1
1	8.51598e+32	1
1	9.83745e+32	1
1	1.1364e+33	1
1	1.31274e+33	1
1	1.51644e+33	1
1	1.75176e+33	1
1	2.02359e+33	1
1	2.3376e+33	1
1	2.70034e+33	1
1	3.11936e+33	1
1	3.60341e+33	1
1	4.16257e+33	1
1	4.8085e+33	1
1	5.55467e+33	1
1	6.41661e+33	1
1	7.41231e+33	1
1	8.56252e+33	1
1	9.89122e+33	1
1	1.14261e+34	1
1	1.31991e+34	1
1	1.52473e+34	1
1	1.76133e+34	1
1	2.03465e+34	1
1	2.35038e+34	1
1	2.7151e+34	1
1	3.13641e+34	1
1	3.62311e+34	1
1	4.18532e+34	1
1	4.83478e+34	1
1	5.58502e+34	1
1	6.45168e+34	1
1	7.45283e+34	1
1	8.60932e+34	1
1	9.94528e+34	1
1	1.14885e+35	1
1	1.32713e+35	1
1	1.53307e+35	1
1	1.77096e+35	1
1	2.04577e+35	1
1	2.36322e+35	1
1	2.72994e+35	1
1	3.15356e+35	1
1	3.64291e+35	1
1	4.2082e+35	1
1	4.86121e+35	1
1	5.61555e+35	1
1	6.48694e+35	1
1	7.49356e+35	1
1	8.65637e+35	1
1	9.99963e+35	1
1	1.15513e+36	1
1	1.33438e+36	1
1	1.54144e+36	1
1	1.78064e+36	1
1	2.05695e+36	1
1	2.37614e+36	1
1	2.74486e+36	1
1	3.17079e+36	1
1	3.66282e+36	1
1	4.2312e+36	1
1	4.88778e+36	1
1	5.64624e+36	1
1	6.5224e+36	1
1	7.53451e+36	1
1	8.70369e+36	1
1	1.00543e+37	1
1	1.16145e+37	1
1	1.34167e+37	1
1	1.54987e+37	1
1	1.79037e+37	1
1	2.06819e+37	1
1	2.38912e+37	1
1	2.75986e+37	1
1	3.18812e+37	1
1	3.68284e+37	1
1	4.25432e+37	1
1	4.91449e+37	1
1	5.6771e+37	1
1	6.55805e+37	1
1	7.57569e+37	1
1	8.75126e+37	1
1	1.01092e+38	1
1	1.16779e+38	1
1	1.34901e+38	1
1	1.55834e+38	1
1	1.80016e+38	1
1	2.0795e+38	1
1	2.40218e+38	1
1	2.77494e+38	1
1	3.20555e+38	1
1	3.70297e+38	1
1	4.27758e+38	1
1	4.94135e+38	1
1	5.70813e+38	1
1	6.59389e+38	1
1	7.6171e+38	1
1	8.79909e+38	1
1	1.01645e+39	1
1	1.17418e+39	1
1	1.35638e+39	1
1	1.56686e+39	1
1	1.80999e+39	1
1	2.09086e+39	1
1	2.41531e+39	1
1	2.79011e+39	1
1	3.22306e+39	1
1	3.72321e+39	1
1	4.30096e+39	1
1	4.96836e+39	1
1	5.73933e+39	1
1	6.62993e+39	1
1	7.65873e+39	1
1	8.84718e+39	1
1	1.022e+40	1
1	1.18059e+40	1
1	1.36379e+40	1
1	1.57542e+40	1
1	1.81989e+40	1
1	2.10229e+40	1
1	2.42851e+40	1
1	2.80536e+40	1
1	3.24068e+40	1
1	3.74355e+40	1
1	4.32446e+40	1
1	4.99551e+40	1
1	5.77069e+40	1
1	6.66616e+40	1
1	7.70059e+40	1
1	8.89553e+40	1
1	1.02759e+41	1
1	1.18705e+41	1
1	1.37125e+41	1
1	1.58403e+41	1
1	1.82983e+41	1
1	2.11378e+41	1
1	2.44179e+41	1
1	2.82069e+41	1
1	3.25839e+41	1
1	3.76401e+41	1
1	4.3481e+41	1
1	5.02282e+41	1
1	5.80223e+41	1
1	6.7026e+41	1
1	7.74268e+41	1
1	8.94415e+41	1
1	1.03321e+42	1
1	1.19353e+42	1
1	1.37874e+42	1
1	1.59269e+42	1
1	1.83983e+42	1
1	2.12533e+42	1
1	2.45513e+42	1
1	2.83611e+42	1
1	3.2762e+42	1
1	3.78459e+42	1
1	4.37186e+42	1
1	5.05027e+42	1
1	5.83395e+42	1
1	6.73923e+42	1
1	7.78499e+42	1
1	8.99303e+42	1
1	1.03885e+43	1
1	1.20006e+43	1
1	1.38628e+43	1
1	1.60139e+43	1
1	1.84989e+43	1
1	2.13695e+43	1
1	2.46855e+43	1
1	2.85161e+43	1
1	3.29411e+43	1
1	3.80527e+43	1
1	4.39576e+43	1
1	5.07787e+43	1
1	5.86583e+43	1
1	6.77606e+43	1
1	7.82754e+43	1
1	9.04218e+43	1
1	1.04453e+44	1
1	1.20662e+44	1
1	1.39385e+44	1
1	1.61015e+44	1
1	1.86e+44	1
1	2.14863e+44	1
1	2.48204e+44	1
1	2.86719e+44	1
1	3.31211e+44	1
1	3.82607e+44	1
1	4.41978e+44	1
1	5.10562e+44	1
1	5.89789e+44	1
1	6.8131e+44	1
1	7.87032e+44	1
1	9.0916e+44	1
1	1.05024e+45	1
1	1.21321e+45	1
1	1.40147e+45	1
1	1.61895e+45	1
1	1.87017e+45	1
1	2.16037e+45	1
1	2.49561e+45	1
1	2.88286e+45	1
1	3.33021e+45	1
1	3.84698e+45	1
1	4.44394e+45	1
1	5.13353e+45	1
1	5.93012e+45	1
1	6.85033e+45	1
1	7.91334e+45	1
1	9.14129e+45	1
1	1.05598e+46	1
1	1.21984e+46	1
1	1.40913e+46	1
1	1.62779e+46	1
1	1.88039e+46	1
1	2.17218e+46	1
1	2.50925e+46	1
1	2.89862e+46	1
1	3.34841e+46	1
1	3.86801e+46	1
1	4.46823e+46	1
1	5.16158e+46	1
1	5.96254e+46	1
1	6.88777e+46	1
1	7.95659e+46	1
1	9.19125e+46	1
1	1.06175e+47	1
1	1.22651e+47	1
1	1.41683e+47	1
1	1.63669e+47	1
1	1.89066e+47	1
1	2.18405e+47	1
1	2.52296e+47	1
1	2.91446e+47	1
1	3.36671e+47	1
1	3.88915e+47	1
1	4.49265e+47	1
1	5.18979e+47	1
1	5.99512e+47	1
1	6.92542e+47	1
1	8.00007e+47	1
1	9.24149e+47	1
1	1.06755e+48	1
1	1.23321e+48	1
1	1.42458e+48	1
1	1.64564e+48	1
1	1.901e+48	1
1	2.19599e+48	1
1	2.53675e+48	1
1	2.93039e+48	1
1	3.38512e+48	1
1	3.9104e+48	1
1	4.5172e+48	1
1	5.21816e+48	1
1	6.02789e+48	1
1	6.96327e+48	1
1	8.0438e+48	1
1	9.292e+48	1
1	1.07339e+49	1
1	1.23995e+49	1
1	1.43236e+49	1
1	1.65463e+49	1
1	1.91139e+49	1
1	2.20799e+49	1
1	2.55061e+49	1
1	2.94641e+49	1
1	3.40362e+49	1
1	3.93177e+49	1
1	4.54189e+49	1
1	5.24668e+49	1
1	6.06083e+49	1
1	7.00133e+49	1
1	8.08776e+49	1
1	9.34278e+49	1
1	1.07926e+50	1
1	1.24673e+50	1
1	1.44019e+50	1
1	1.66367e+50	1
1	1.92183e+50	1
1	2.22006e+50	1
1	2.56455e+50	1
1	2.96251e+50	1
1	3.42222e+50	1
1	3.95326e+50	1
1	4.56671e+50	1
1	5.27535e+50	1
1	6.09396e+50	1
1	7.03959e+50	1
1	8.13197e+50	1
1	9.39385e+50	1
1	1.08515e+51	1
1	1.25354e+51	1
1	1.44806e+51	1
1	1.67277e+51	1
1	1.93234e+51	1
1	2.23219e+51	1
1	2.57857e+51	1
1	2.9787e+51	1
1	3.44092e+51	1
1	3.97487e+51	1
1	4.59167e+51	1
1	5.30419e+51	1
1	6.12727e+51	1
1	7.07807e+51	1
1	8.17641e+51	1
1	9.44519e+51	1
1	1.09108e+52	1
1	1.26039e+52	1
1	1.45598e+52	1
1	1.68191e+52	1
1	1.9429e+52	1
1	2.24439e+52	1
1	2.59266e+52	1
1	2.99498e+52	1
1	3.45973e+52	1
1	3.99659e+52	1
1	4.61677e+52	1
1	5.33318e+52	1
1	6.16075e+52	1
1	7.11675e+52	1
1	8.2211e+52	1
1	9.49681e+52	1
1	1.09705e+53	1
1	1.26728e+53	1
1	1.46393e+53	1
1	1.6911e+53	1
1	1.95352e+53	1
1	2.25666e+53	1
1	2.60683e+53	1
1	3.01135e+53	1
1	3.47864e+53	1
1	4.01844e+53	1
1	4.642e+53	1
1	5.36233e+53	1
1	6.19443e+53	1
1	7.15565e+53	1
1	8.26603e+53	1
1	9.54872e+53	1
1	1.10304e+54	1
1	1.27421e+54	1
1	1.47194e+54	1
1	1.70034e+54	1
1	1.9642e+54	1
1	2.26899e+54	1
1	2.62108e+54	1
1	3.02781e+54	1
1	3.49765e+54	1
1	4.0404e+54	1
1	4.66737e+54	1
1	5.39163e+54	1
1	6.22828e+54	1
1	7.19476e+54	1
1	8.31121e+54	1
1	9.6009e+54	1
1	1.10907e+55	1
1	1.28117e+55	1
1	1.47998e+55	1
1	1.70964e+55	1
1	1.97493e+55	1
1	2.28139e+55	1
1	2.63541e+55	1
1	3.04436e+55	1
1	3.51677e+55	1
1	4.06248e+55	1
1	4.69288e+55	1
1	5.4211e+55	1
1	6.26232e+55	1
1	7.23408e+55	1
1	8.35663e+55	1
1	9.65338e+55	1
1	1.11513e+56	1
1	1.28818e+56	1
1	1.48807e+56	1
1	1.71898e+56	1
1	1.98572e+56	1
1	2.29386e+56	1
1	2.64981e+56	1
1	3.061e+56	1
1	3.53599e+56	1
1	4.08469e+56	1
1	4.71853e+56	1
1	5.45073e+56	1
1	6.29655e+56	1
1	7.27362e+56	1
1	8.40231e+56	1
1	9.70614e+56	1
1	1.12123e+57	1
1	1.29522e+57	1
1	1.4962e+57	1
1	1.72838e+57	1
1	1.99658e+57	1
1	2.3064e+57	1
1	2.66429e+57	1
1	3.07773e+57	1
1	3.55531e+57	1
1	4.10701e+57	1
1	4.74432e+57	1
1	5.48052e+57	1
1	6.33096e+57	1
1	7.31337e+57	1
1	8.44823e+57	1
1	9.75919e+57	1
1	1.12736e+58	1
1	1.3023e+58	1
1	1.50438e+58	1
1	1.73782e+58	1
1	2.00749e+58	1
1	2.319e+58	1
1	2.67885e+58	1
1	3.09455e+58	1
1	3.57475e+58	1
1	4.12946e+58	1
1	4.77025e+58	1
1	5.51047e+58	1
1	6.36556e+58	1
1	7.35334e+58	1
1	8.4944e+58	1
1	9.81252e+58	1
1	1.13352e+59	1
1	1.30941e+59	1
1	1.5126e+59	1
1	1.74732e+59	1
1	2.01846e+59	1
1	2.33168e+59	1
1	2.6935e+59	1
1	3.11146e+59	1
1	3.59428e+59	1
1	4.15203e+59	1
1	4.79632e+59	1
1	5.54059e+59	1
1	6.40035e+59	1
1	7.39353e+59	1
1	8.54083e+59	1
1	9.86615e+59	1
1	1.13971e+60	1
1	1.31657e+60	1
1	1.52087e+60	1
1	1.75687e+60	1
1	2.02949e+60	1
1	2.34442e+60	1
1	2.70822e+60	1
1	3.12847e+60	1
1	3.61393e+60	1
1	4.17472e+60	1
1	4.82253e+60	1
1	5.57087e+60	1
1	6.43534e+60	1
1	7.43394e+60	1
1	8.58751e+60	1
1	9.92008e+60	1
1	1.14594e+61	1
1	1.32377e+61	1
1	1.52918e+61	1
1	1.76647e+61	1
1	2.04059e+61	1
1	2.35723e+61	1
1	2.72302e+61	1
1	3.14556e+61	1
1	3.63368e+61	1
1	4.19754e+61	1
1	4.84889e+61	1
1	5.60132e+61	1
1	6.47051e+61	1
1	7.47457e+61	1
1	8.63444e+61	1
1	9.9743e+61	1
1	1.15221e+62	1
1	1.331e+62	1
1	1.53754e+62	1
1	1.77613e+62	1
1	2.05174e+62	1
1	2.37012e+62	1
1	2.7379e+62	1
1	3.16276e+62	1
1	3.65354e+62	1
1	4.22048e+62	1
1	4.87539e+62	1
1	5.63193e+62	1
1	6.50587e+62	1
1	7.51542e+62	1
1	8.68163e+62	1
1	1.00288e+63	1
1	1.1585e+63	1
1	1.33827e+63	1
1	1.54594e+63	1
1	1.78583e+63	1
1	2.06295e+63	1
1	2.38307e+63	1
1	2.75287e+63	1
1	3.18004e+63	1
1	3.67351e+63	1
1	4.24355e+63	1
1	4.90204e+63	1
1	5.66272e+63	1
1	6.54143e+63	1
1	7.5565e+63	1
1	8.72908e+63	1
1	1.00836e+64	1
1	1.16484e+64	1
1	1.34559e+64	1
1	1.55439e+64	1
1	1.79559e+64	1
1	2.07423e+64	1
1	2.3961e+64	1
1	2.76791e+64	1
1	3.19742e+64	1
1	3.69358e+64	1
1	4.26674e+64	1
1	4.92883e+64	1
1	5.69366e+64	1
1	6.57718e+64	1
1	7.5978e+64	1
1	8.77679e+64	1
1	1.01387e+65	1
1	1.1712e+65	1
1	1.35294e+65	1
1	1.56289e+65	1
1	1.80541e+65	1
1	2.08556e+65	1
1	2.40919e+65	1
1	2.78304e+65	1
1	3.2149e+65	1
1	3.71377e+65	1
1	4.29006e+65	1
1	4.95577e+65	1
1	5.72478e+65	1
1	6.61313e+65	1
1	7.63932e+65	1
1	8.82476e+65	1
1	1.01941e+66	1
1	1.1776e+66	1
1	1.36034e+66	1
1	1.57143e+66	1
1	1.81528e+66	1
1	2.09696e+66	1
1	2.42236e+66	1
1	2.79825e+66	1
1	3.23247e+66	1
1	3.73407e+66	1
1	4.31351e+66	1
1	4.98286e+66	1
1	5.75607e+66	1
1	6.64927e+66	1
1	7.68108e+66	1
1	8.87299e+66	1
1	1.02499e+67	1
1	1.18404e+67	1
1	1.36777e+67	1
1	1.58002e+67	1
1	1.8252e+67	1
1	2.10842e+67	1
1	2.4356e+67	1
1	2.81354e+67	1
1	3.25014e+67	1
1	3.75448e+67	1
1	4.33708e+67	1
1	5.01009e+67	1
1	5.78753e+67	1
1	6.68561e+67	1
1	7.72306e+67	1
1	8.92149e+67	1
1	1.03059e+68	1
1	1.19051e+68	1
1	1.37525e+68	1
1	1.58865e+68	1
1	1.83517e+68	1
1	2.11995e+68	1
1	2.44891e+68	1
1	2.82892e+68	1
1	3.2679e+68	1
1	3.775e+68	1
1	4.36078e+68	1
1	5.03747e+68	1
1	5.81916e+68	1
1	6.72215e+68	1
1	7.76527e+68	1
1	8.97025e+68	1
1	1.03622e+69	1
1	1.19702e+69	1
1	1.38276e+69	1
1	1.59734e+69	1
1	1.8452e+69	1
1	2.13153e+69	1
1	2.46229e+69	1
1	2.84438e+69	1
1	3.28576e+69	1
1	3.79563e+69	1
1	4.38462e+69	1
1	5.065e+69	1
1	5.85097e+69	1
1	6.75889e+69	1
1	7.80771e+69	1
1	9.01927e+69	1
1	1.04188e+70	1
1	1.20356e+70	1
1	1.39032e+70	1
1	1.60607e+70	1
1	1.85529e+70	1
1	2.14318e+70	1
1	2.47575e+70	1
1	2.85993e+70	1
1	3.30372e+70	1
1	3.81637e+70	1
1	4.40858e+70	1
1	5.09269e+70	1
1	5.88295e+70	1
1	6.79583e+70	1
1	7.85038e+70	1
1	9.06857e+70	1
1	1.04758e+71	1
1	1.21014e+71	1
1	1.39792e+71	1
1	1.61484e+71	1
1	1.86543e+71	1
1	2.1549e+71	1
1	2.48928e+71	1
1	2.87556e+71	1
1	3.32178e+71	1
1	3.83723e+71	1
1	4.43268e+71	1
1	5.12052e+71	1
1	5.9151e+71	1
1	6.83298e+71	1
1	7.89329e+71	1
1	9.11813e+71	1
1	1.0533e+72	1
1	1.21675e+72	1
1	1.40556e+72	1
1	1.62367e+72	1
1	1.87562e+72	1
1	2.16667e+72	1
1	2.50289e+72	1
1	2.89128e+72	1
1	3.33993e+72	1
1	3.85821e+72	1
1	4.4569e+72	1
1	5.14851e+72	1
1	5.94743e+72	1
1	6.87032e+72	1
1	7.93643e+72	1
1	9.16797e+72	1
1	1.05906e+73	1
1	1.2234e+73	1
1	1.41324e+73	1
1	1.63254e+73	1
1	1.88587e+73	1
1	2.17852e+73	1
1	2.51657e+73	1
1	2.90708e+73	1
1	3.35818e+73	1
1	3.87929e+73	1
1	4.48126e+73	1
1	5.17665e+73	1
1	5.97993e+73	1
1	6.90787e+73	1
1	7.9798e+73	1
1	9.21807e+73	1
1	1.06485e+74	1
1	1.23009e+74	1
1	1.42097e+74	1
1	1.64147e+74	1
1	1.89618e+74	1
1	2.19042e+74	1
1	2.53032e+74	1
1	2.92297e+74	1
1	3.37654e+74	1
1	3.90049e+74	1
1	4.50576e+74	1
1	5.20494e+74	1
1	6.01262e+74	1
1	6.94563e+74	1
1	8.02342e+74	1
1	9.26845e+74	1
1	1.07067e+75	1
1	1.23681e+75	1
1	1.42873e+75	1
1	1.65044e+75	1
1	1.90655e+75	1
1	2.20239e+75	1
1	2.54415e+75	1
1	2.93894e+75	1
1	3.39499e+75	1
1	3.92181e+75	1
1	4.53038e+75	1
1	5.23339e+75	1
1	6.04548e+75	1
1	6.98359e+75	1
1	8.06727e+75	1
1	9.31911e+75	1
1	1.07652e+76	1
1	1.24357e+76	1
1	1.43654e+76	1
1	1.65946e+76	1
1	1.91697e+76	1
1	2.21443e+76	1
1	2.55806e+76	1
1	2.955e+76	1
1	3.41355e+76	1
1	3.94325e+76	1
1	4.55514e+76	1
1	5.26199e+76	1
1	6.07852e+76	1
1	7.02176e+76	1
1	8.11136e+76	1
1	9.37004e+76	1
1	1.0824e+77	1
1	1.25037e+77	1
1	1.44439e+77	1
1	1.66853e+77	1
1	1.92744e+77	1
1	2.22653e+77	1
1	2.57204e+77	1
1	2.97115e+77	1
1	3.4322e+77	1
1	3.9648e+77	1
1	4.58004e+77	1
1	5.29075e+77	1
1	6.11174e+77	1
1	7.06013e+77	1
1	8.15569e+77	1
1	9.42126e+77	1
1	1.08832e+78	1
1	1.2572e+78	1
1	1.45229e+78	1
1	1.67765e+78	1
1	1.93798e+78	1
1	2.2387e+78	1
1	2.58609e+78	1
1	2.98739e+78	1
1	3.45096e+78	1
1	3.98647e+78	1
1	4.60507e+78	1
1	5.31966e+78	1
1	6.14515e+78	1
1	7.09872e+78	1
1	8.20027e+78	1
1	9.47275e+78	1
1	1.09427e+79	1
1	1.26407e+79	1
1	1.46023e+79	1
1	1.68682e+79	1
1	1.94857e+79	1
1	2.25094e+79	1
1	2.60023e+79	1
1	3.00372e+79	1
1	3.46982e+79	1
1	4.00826e+79	1
1	4.63024e+79	1
1	5.34874e+79	1
1	6.17873e+79	1
1	7.13752e+79	1
1	8.24509e+79	1
1	9.52452e+79	1
1	1.10025e+80	1
1	1.27098e+80	1
1	1.46821e+80	1
1	1.69604e+80	1
1	1.95922e+80	1
1	2.26324e+80	1
1	2.61444e+80	1
1	3.02014e+80	1
1	3.48879e+80	1
1	4.03016e+80	1
1	4.65555e+80	1
1	5.37797e+80	1
1	6.2125e+80	1
1	7.17653e+80	1
1	8.29015e+80	1
1	9.57658e+80	1
1	1.10626e+81	1
1	1.27793e+81	1
1	1.47623e+81	1
1	1.70531e+81	1
1	1.96993e+81	1
1	2.27561e+81	1
1	2.62873e+81	1
1	3.03664e+81	1
1	3.50786e+81	1
1	4.05219e+81	1
1	4.68099e+81	1
1	5.40736e+81	1
1	6.24646e+81	1
1	7.21575e+81	1
1	8.33546e+81	1
1	9.62892e+81	1
1	1.11231e+82	1
1	1.28491e+82	1
1	1.4843e+82	1
1	1.71463e+82	1
1	1.98069e+82	1
1	2.28805e+82	1
1	2.6431e+82	1
1	3.05324e+82	1
1	3.52703e+82	1
1	4.07434e+82	1
1	4.70657e+82	1
1	5.43692e+82	1
1	6.28059e+82	1
1	7.25519e+82	1
1	8.38102e+82	1
1	9.68154e+82	1
1	1.11839e+83	1
1	1.29193e+83	1
1	1.49241e+83	1
1	1.724e+83	1
1	1.99152e+83	1
1	2.30055e+83	1
1	2.65754e+83	1
1	3.06993e+83	1
1	3.54631e+83	1
1	4.09661e+83	1
1	4.7323e+83	1
1	5.46663e+83	1
1	6.31492e+83	1
1	7.29484e+83	1
1	8.42682e+83	1
1	9.73446e+83	1
1	1.1245e+84	1
1	1.299e+84	1
1	1.50057e+84	1
1	1.73342e+84	1
1	2.0024e+84	1
1	2.31313e+84	1
1	2.67207e+84	1
1	3.08671e+84	1
1	3.56569e+84	1
1	4.11899e+84	1
1	4.75816e+84	1
1	5.49651e+84	1
1	6.34944e+84	1
1	7.33471e+84	1
1	8.47288e+84	1
1	9.78766e+84	1
1	1.13065e+85	1
1	1.3061e+85	1
1	1.50877e+85	1
1	1.74289e+85	1
1	2.01335e+85	1
1	2.32577e+85	1
1	2.68667e+85	1
1	3.10358e+85	1
1	3.58518e+85	1
1	4.14151e+85	1
1	4.78417e+85	1
1	5.52655e+85	1
1	6.38414e+85	1
1	7.3748e+85	1
1	8.51919e+85	1
1	9.84116e+85	1
1	1.13683e+86	1
1	1.31323e+86	1
1	1.51702e+86	1
1	1.75242e+86	1
1	2.02435e+86	1
1	2.33848e+86	1
1	2.70136e+86	1
1	3.12054e+86	1
1	3.60477e+86	1
1	4.16414e+86	1
1	4.81032e+86	1
1	5.55676e+86	1
1	6.41903e+86	1
1	7.41511e+86	1
1	8.56575e+86	1
1	9.89494e+86	1
1	1.14304e+87	1
1	1.32041e+87	1
1	1.52531e+87	1
1	1.762e+87	1
1	2.03542e+87	1
1	2.35126e+87	1
1	2.71612e+87	1
1	3.13759e+87	1
1	3.62447e+87	1
1	4.1869e+87	1
1	4.83661e+87	1
1	5.58713e+87	1
1	6.45411e+87	1
1	7.45563e+87	1
1	8.61256e+87	1
1	9.94902e+87	1
1	1.14929e+88	1
1	1.32763e+88	1
1	1.53364e+88	1
1	1.77163e+88	1
1	2.04654e+88	1
1	2.36411e+88	1
1	2.73096e+88	1
1	3.15474e+88	1
1	3.64428e+88	1
1	4.20978e+88	1
1	4.86304e+88	1
1	5.61766e+88	1
1	6.48939e+88	1
1	7.49638e+88	1
1	8.65964e+88	1
1	1.00034e+89	1
1	1.15557e+89	1
1	1.33488e+89	1
1	1.54203e+89	1
1	1.78131e+89	1
1	2.05772e+89	1
1	2.37703e+89	1
1	2.74589e+89	1
1	3.17199e+89	1
1	3.6642e+89	1
1	4.23279e+89	1
1	4.88962e+89	1
1	5.64837e+89	1
1	6.52486e+89	1
1	7.53735e+89	1
1	8.70696e+89	1
1	1.00581e+90	1
1	1.16188e+90	1
1	1.34218e+90	1
1	1.55045e+90	1
1	1.79105e+90	1
1	2.06897e+90	1
1	2.39002e+90	1
1	2.7609e+90	1
1	3.18932e+90	1
1	3.68423e+90	1
1	4.25593e+90	1
1	4.91634e+90	1
1	5.67924e+90	1
1	6.56052e+90	1
1	7.57855e+90	1
1	8.75455e+90	1
1	1.0113e+91	1
1	1.16823e+91	1
1	1.34952e+91	1
1	1.55893e+91	1
1	1.80083e+91	1
1	2.08028e+91	1
1	2.40309e+91	1
1	2.77599e+91	1
1	3.20675e+91	1
1	3.70436e+91	1
1	4.27919e+91	1
1	4.94321e+91	1
1	5.71028e+91	1
1	6.59637e+91	1
1	7.61997e+91	1
1	8.8024e+91	1
1	1.01683e+92	1
1	1.17462e+92	1
1	1.35689e+92	1
1	1.56745e+92	1
1	1.81068e+92	1
1	2.09165e+92	1
1	2.41622e+92	1
1	2.79116e+92	1
1	3.22428e+92	1
1	3.72461e+92	1
1	4.30258e+92	1
1	4.97023e+92	1
1	5.74149e+92	1
1	6.63243e+92	1
1	7.66162e+92	1
1	8.85051e+92	1
1	1.02239e+93	1
1	1.18104e+93	1
1	1.36431e+93	1
1	1.57601e+93	1
1	1.82057e+93	1
1	2.10308e+93	1
1	2.42943e+93	1
1	2.80641e+93	1
1	3.2419e+93	1
1	3.74496e+93	1
1	4.32609e+93	1
1	4.99739e+93	1
1	5.77287e+93	1
1	6.66867e+93	1
1	7.70349e+93	1
1	8.89888e+93	1
1	1.02798e+94	1
1	1.18749e+94	1
1	1.37176e+94	1
1	1.58463e+94	1
1	1.83052e+94	1
1	2.11458e+94	1
1	2.44271e+94	1
1	2.82175e+94	1
1	3.25962e+94	1
1	3.76543e+94	1
1	4.34974e+94	1
1	5.02471e+94	1
1	5.80442e+94	1
1	6.70512e+94	1
1	7.74559e+94	1
1	8.94752e+94	1
1	1.0336e+95	1
1	1.19398e+95	1
1	1.37926e+95	1
1	1.59329e+95	1
1	1.84053e+95	1
1	2.12613e+95	1
1	2.45606e+95	1
1	2.83718e+95	1
1	3.27744e+95	1
1	3.78601e+95	1
1	4.37351e+95	1
1	5.05217e+95	1
1	5.83614e+95	1
1	6.74177e+95	1
1	7.78793e+95	1
1	8.99642e+95	1
1	1.03924e+96	1
1	1.20051e+96	1
1	1.3868e+96	1
1	1.602e+96	1
1	1.85059e+96	1
1	2.13775e+96	1
1	2.46948e+96	1
1	2.85268e+96	1
1	3.29535e+96	1
1	3.80671e+96	1
1	4.39741e+96	1
1	5.07978e+96	1
1	5.86804e+96	1
1	6.77862e+96	1
1	7.83049e+96	1
1	9.04559e+96	1
1	1.04492e+97	1
1	1.20707e+97	1
1	1.39438e+97	1
1	1.61075e+97	1
1	1.8607e+97	1
1	2.14944e+97	1
1	2.48298e+97	1
1	2.86827e+97	1
1	3.31336e+97	1
1	3.82751e+97	1
1	4.42145e+97	1
1	5.10755e+97	1
1	5.90011e+97	1
1	6.81566e+97	1
1	7.87329e+97	1
1	9.09503e+97	1
1	1.05064e+98	1
1	1.21367e+98	1
1	1.402e+98	1
1	1.61956e+98	1
1	1.87087e+98	1
1	2.16118e+98	1
1	2.49655e+98	1
1	2.88395e+98	1
1	3.33147e+98	1
1	3.84843e+98	1
1	4.44561e+98	1
1	5.13546e+98	1
1	5.93236e+98	1
1	6.85291e+98	1
1	7.91632e+98	1
1	9.14474e+98	1
1	1.05638e+99	1
1	1.2203e+99	1
1	1.40966e+99	1
1	1.62841e+99	1
1	1.8811e+99	1
1	2.173e+99	1
1	2.51019e+99	1
1	2.89971e+99	1
1	3.34968e+99	1
1	3.86946e+99	1
1	4.46991e+99	1
1	5.16353e+99	1
1	5.96478e+99	1
1	6.89037e+99	1
1	7.95959e+99	1
1	9.19472e+99	1
1	1.06215e+100	1
1	1.22697e+100	1
1	1.41737e+100	1
1	1.63731e+100	1
1	1.89138e+100	1
1	2.18487e+100	1
1	2.52391e+100	1
1	2.91556e+100	1
1	3.36798e+100	1
1	3.89061e+100	1
1	4.49434e+100	1
1	5.19175e+100	1
1	5.99738e+100	1
1	6.92803e+100	1
1	8.00309e+100	1
1	9.24497e+100	1
1	1.06796e+101	1
1	1.23368e+101	1
1	1.42511e+101	1
1	1.64626e+101	1
1	1.90171e+101	1
1	2.19681e+101	1
1	2.53771e+101	1
1	2.93149e+101	1
1	3.38639e+101	1
1	3.91188e+101	1
1	4.5189e+101	1
1	5.22013e+101	1
1	6.03016e+101	1
1	6.96589e+101	1
1	8.04683e+101	1
1	9.2955e+101	1
1	1.07379e+102	1
1	1.24042e+102	1
1	1.4329e+102	1
1	1.65525e+102	1
1	1.91211e+102	1
1	2.20882e+102	1
1	2.55158e+102	1
1	2.94752e+102	1
1	3.4049e+102	1
1	3.93326e+102	1
1	4.5436e+102	1
1	5.24866e+102	1
1	6.06312e+102	1
1	7.00397e+102	1
1	8.09081e+102	1
1	9.3463e+102	1
1	1.07966e+103	1
1	1.2472e+103	1
1	1.44073e+103	1
1	1.6643e+103	1
1	1.92256e+103	1
1	2.22089e+103	1
1	2.56552e+103	1
1	2.96363e+103	1
1	3.42351e+103	1
1	3.95475e+103	1
1	4.56843e+103	1
1	5.27734e+103	1
1	6.09626e+103	1
1	7.04225e+103	1
1	8.13503e+103	1
1	9.39739e+103	1
1	1.08556e+104	1
1	1.25402e+104	1
1	1.44861e+104	1
1	1.6734e+104	1
1	1.93307e+104	1
1	2.23303e+104	1
1	2.57954e+104	1
1	2.97982e+104	1
1	3.44222e+104	1
1	3.97637e+104	1
1	4.5934e+104	1
1	5.30619e+104	1
1	6.12957e+104	1
1	7.08073e+104	1
1	8.17949e+104	1
1	9.44875e+104	1
1	1.0915e+105	1
1	1.26087e+105	1
1	1.45653e+105	1
1	1.68254e+105	1
1	1.94363e+105	1
1	2.24524e+105	1
1	2.59364e+105	1
1	2.99611e+105	1
1	3.46103e+105	1
1	3.9981e+105	1
1	4.61851e+105	1
1	5.33519e+105	1
1	6.16308e+105	1
1	7.11943e+105	1
1	8.2242e+105	1
1	9.50039e+105	1
1	1.09746e+106	1
1	1.26776e+106	1
1	1.46449e+106	1
1	1.69174e+106	1
1	1.95425e+106	1
1	2.25751e+106	1
1	2.60782e+106	1
1	3.01249e+106	1
1	3.47995e+106	1
1	4.01995e+106	1
1	4.64375e+106	1
1	5.36435e+106	1
1	6.19676e+106	1
1	7.15834e+106	1
1	8.26914e+106	1
1	9.55231e+106	1
1	1.10346e+107	1
1	1.27469e+107	1
1	1.47249e+107	1
1	1.70098e+107	1
1	1.96494e+107	1
1	2.26984e+107	1
1	2.62207e+107	1
1	3.02895e+107	1
1	3.49897e+107	1
1	4.04192e+107	1
1	4.66913e+107	1
1	5.39366e+107	1
1	6.23063e+107	1
1	7.19747e+107	1
1	8.31434e+107	1
1	9.60452e+107	1
1	1.10949e+108	1
1	1.28166e+108	1
1	1.48054e+108	1
1	1.71028e+108	1
1	1.97567e+108	1
1	2.28225e+108	1
1	2.6364e+108	1
1	3.0455e+108	1
1	3.51809e+108	1
1	4.06401e+108	1
1	4.69465e+108	1
1	5.42314e+108	1
1	6.26468e+108	1
1	7.23681e+108	1
1	8.35978e+108	1
1	9.65701e+108	1
1	1.11555e+109	1
1	1.28866e+109	1
1	1.48863e+109	1
1	1.71963e+109	1
1	1.98647e+109	1
1	2.29472e+109	1
1	2.65081e+109	1
1	3.06215e+109	1
1	3.53732e+109	1
1	4.08623e+109	1
1	4.72031e+109	1
1	5.45278e+109	1
1	6.29892e+109	1
1	7.27636e+109	1
1	8.40547e+109	1
1	9.70979e+109	1
1	1.12165e+110	1
1	1.2957e+110	1
1	1.49677e+110	1
1	1.72903e+110	1
1	1.99733e+110	1
1	2.30727e+110	1
1	2.6653e+110	1
1	3.07889e+110	1
1	3.55665e+110	1
1	4.10856e+110	1
1	4.74611e+110	1
1	5.48258e+110	1
1	6.33335e+110	1
1	7.31613e+110	1
1	8.45141e+110	1
1	9.76286e+110	1
1	1.12778e+111	1
1	1.30279e+111	1
1	1.50495e+111	1
1	1.73848e+111	1
1	2.00825e+111	1
1	2.31988e+111	1
1	2.67986e+111	1
1	3.09571e+111	1
1	3.57609e+111	1
1	4.13101e+111	1
1	4.77205e+111	1
1	5.51255e+111	1
1	6.36796e+111	1
1	7.35611e+111	1
1	8.4976e+111	1
1	9.81622e+111	1
1	1.13395e+112	1
1	1.30991e+112	1
1	1.51317e+112	1
1	1.74798e+112	1
1	2.01922e+112	1
1	2.33256e+112	1
1	2.69451e+112	1
1	3.11263e+112	1
1	3.59564e+112	1
1	4.15359e+112	1
1	4.79813e+112	1
1	5.54268e+112	1
1	6.40277e+112	1
1	7.39632e+112	1
1	8.54404e+112	1
1	9.86987e+112	1
1	1.14014e+113	1
1	1.31707e+113	1
1	1.52144e+113	1
1	1.75753e+113	1
1	2.03026e+113	1
1	2.3453e+113	1
1	2.70924e+113	1
1	3.12964e+113	1
1	3.61529e+113	1
1	4.17629e+113	1
1	4.82435e+113	1
1	5.57297e+113	1
1	6.43776e+113	1
1	7.43674e+113	1
1	8.59074e+113	1
1	9.92381e+113	1
1	1.14637e+114	1
1	1.32426e+114	1
1	1.52976e+114	1
1	1.76714e+114	1
1	2.04135e+114	1
1	2.35812e+114	1
1	2.72404e+114	1
1	3.14675e+114	1
1	3.63505e+114	1
1	4.19912e+114	1
1	4.85072e+114	1
1	5.60343e+114	1
1	6.47295e+114	1
1	7.47739e+114	1
1	8.63769e+114	1
1	9.97805e+114	1
1	1.15264e+115	1
1	1.3315e+115	1
1	1.53812e+115	1
1	1.7768e+115	1
1	2.05251e+115	1
1	2.37101e+115	1
1	2.73893e+115	1
1	3.16395e+115	1
1	3.65492e+115	1
1	4.22207e+115	1
1	4.87723e+115	1
1	5.63406e+115	1
1	6.50832e+115	1
1	7.51826e+115	1
1	8.6849e+115	1
1	1.00326e+116	1
1	1.15894e+116	1
1	1.33878e+116	1
1	1.54652e+116	1
1	1.78651e+116	1
1	2.06373e+116	1
1	2.38397e+116	1
1	2.7539e+116	1
1	3.18124e+116	1
1	3.67489e+116	1
1	4.24514e+116	1
1	4.90389e+116	1
1	5.66485e+116	1
1	6.54389e+116	1
1	7.55935e+116	1
1	8.73237e+116	1
1	1.00874e+117	1
1	1.16527e+117	1
1	1.3461e+117	1
1	1.55498e+117	1
1	1.79627e+117	1
1	2.07501e+117	1
1	2.397e+117	1
1	2.76895e+117	1
1	3.19863e+117	1
1	3.69498e+117	1
1	4.26835e+117	1
1	4.93069e+117	1
1	5.69581e+117	1
1	6.57966e+117	1
1	7.60066e+117	1
1	8.7801e+117	1
1	1.01426e+118	1
1	1.17164e+118	1
1	1.35345e+118	1
1	1.56348e+118	1
1	1.80609e+118	1
1	2.08635e+118	1
1	2.4101e+118	1
1	2.78409e+118	1
1	3.21611e+118	1
1	3.71517e+118	1
1	4.29167e+118	1
1	4.95764e+118	1
1	5.72694e+118	1
1	6.61562e+118	1
1	7.6422e+118	1
1	8.82808e+118	1
1	1.0198e+119	1
1	1.17805e+119	1
1	1.36085e+119	1
1	1.57202e+119	1
1	1.81596e+119	1
1	2.09775e+119	1
1	2.42327e+119	1
1	2.7993e+119	1
1	3.23369e+119	1
1	3.73548e+119	1
1	4.31513e+119	1
1	4.98473e+119	1
1	5.75824e+119	1
1	6.65178e+119	1
1	7.68397e+119	1
1	8.87633e+119	1
1	1.02537e+120	1
1	1.18448e+120	1
1	1.36829e+120	1
1	1.58061e+120	1
1	1.82588e+120	1
1	2.10922e+120	1
1	2.43652e+120	1
1	2.8146e+120	1
1	3.25136e+120	1
1	3.75589e+120	1
1	4.33871e+120	1
1	5.01198e+120	1
1	5.78971e+120	1
1	6.68813e+120	1
1	7.72597e+120	1
1	8.92485e+120	1
1	1.03098e+121	1
1	1.19096e+121	1
1	1.37577e+121	1
1	1.58925e+121	1
1	1.83586e+121	1
1	2.12075e+121	1
1	2.44983e+121	1
1	2.82999e+121	1
1	3.26913e+121	1
1	3.77642e+121	1
1	4.36243e+121	1
1	5.03937e+121	1
1	5.82136e+121	1
1	6.72469e+121	1
1	7.76819e+121	1
1	8.97363e+121	1
1	1.03661e+122	1
1	1.19747e+122	1
1	1.38329e+122	1
1	1.59794e+122	1
1	1.8459e+122	1
1	2.13234e+122	1
1	2.46322e+122	1
1	2.84545e+122	1
1	3.287e+122	1
1	3.79706e+122	1
1	4.38627e+122	1
1	5.06691e+122	1
1	5.85317e+122	1
1	6.76144e+122	1
1	7.81065e+122	1
1	9.02267e+122	1
1	1.04228e+123	1
1	1.20401e+123	1
1	1.39085e+123	1
1	1.60667e+123	1
1	1.85599e+123	1
1	2.14399e+123	1
1	2.47668e+123	1
1	2.86101e+123	1
1	3.30496e+123	1
1	3.81781e+123	1
1	4.41024e+123	1
1	5.0946e+123	1
1	5.88516e+123	1
1	6.79839e+123	1
1	7.85334e+123	1
1	9.07198e+123	1
1	1.04797e+124	1
1	1.21059e+124	1
1	1.39845e+124	1
1	1.61545e+124	1
1	1.86613e+124	1
1	2.15571e+124	1
1	2.49022e+124	1
1	2.87664e+124	1
1	3.32303e+124	1
1	3.83868e+124	1
1	4.43435e+124	1
1	5.12245e+124	1
1	5.91733e+124	1
1	6.83555e+124	1
1	7.89626e+124	1
1	9.12157e+124	1
1	1.0537e+125	1
1	1.21721e+125	1
1	1.40609e+125	1
1	1.62428e+125	1
1	1.87633e+125	1
1	2.16749e+125	1
1	2.50383e+125	1
1	2.89236e+125	1
1	3.34119e+125	1
1	3.85966e+125	1
1	4.45858e+125	1
1	5.15045e+125	1
1	5.94967e+125	1
1	6.87291e+125	1
1	7.93942e+125	1
1	9.17142e+125	1
1	1.05946e+126	1
1	1.22386e+126	1
1	1.41378e+126	1
1	1.63316e+126	1
1	1.88658e+126	1
1	2.17934e+126	1
1	2.51752e+126	1
1	2.90817e+126	1
1	3.35945e+126	1
1	3.88075e+126	1
1	4.48295e+126	1
1	5.1786e+126	1
1	5.98219e+126	1
1	6.91047e+126	1
1	7.98281e+126	1
1	9.22155e+126	1
1	1.06525e+127	1
1	1.23055e+127	1
1	1.4215e+127	1
1	1.64208e+127	1
1	1.8969e+127	1
1	2.19125e+127	1
1	2.53128e+127	1
1	2.92407e+127	1
1	3.37781e+127	1
1	3.90196e+127	1
1	4.50745e+127	1
1	5.2069e+127	1
1	6.01488e+127	1
1	6.94824e+127	1
1	8.02644e+127	1
1	9.27195e+127	1
1	1.07107e+128	1
1	1.23728e+128	1
1	1.42927e+128	1
1	1.65106e+128	1
1	1.90726e+128	1
1	2.20322e+128	1
1	2.54511e+128	1
1	2.94005e+128	1
1	3.39627e+128	1
1	3.92329e+128	1
1	4.53209e+128	1
1	5.23536e+128	1
1	6.04776e+128	1
1	6.98622e+128	1
1	8.07031e+128	1
1	9.32262e+128	1
1	1.07693e+129	1
1	1.24404e+129	1
1	1.43708e+129	1
1	1.66008e+129	1
1	1.91769e+129	1
1	2.21527e+129	1
1	2.55902e+129	1
1	2.95612e+129	1
1	3.41483e+129	1
1	3.94473e+129	1
1	4.55686e+129	1
1	5.26397e+129	1
1	6.08081e+129	1
1	7.0244e+129	1
1	8.11442e+129	1
1	9.37357e+129	1
1	1.08281e+130	1
1	1.25084e+130	1
1	1.44494e+130	1
1	1.66916e+130	1
1	1.92817e+130	1
1	2.22737e+130	1
1	2.57301e+130	1
1	2.97227e+130	1
1	3.4335e+130	1
1	3.96629e+130	1
1	4.58176e+130	1
1	5.29274e+130	1
1	6.11404e+130	1
1	7.06279e+130	1
1	8.15877e+130	1
1	9.42481e+130	1
1	1.08873e+131	1
1	1.25767e+131	1
1	1.45283e+131	1
1	1.67828e+131	1
1	1.93871e+131	1
1	2.23955e+131	1
1	2.58707e+131	1
1	2.98852e+131	1
1	3.45226e+131	1
1	3.98797e+131	1
1	4.6068e+131	1
1	5.32167e+131	1
1	6.14746e+131	1
1	7.10139e+131	1
1	8.20336e+131	1
1	9.47632e+131	1
1	1.09468e+132	1
1	1.26455e+132	1
1	1.46078e+132	1
1	1.68745e+132	1
1	1.9493e+132	1
1	2.25179e+132	1
1	2.60121e+132	1
1	3.00485e+132	1
1	3.47113e+132	1
1	4.00977e+132	1
1	4.63198e+132	1
1	5.35075e+132	1
1	6.18106e+132	1
1	7.14021e+132	1
1	8.24819e+132	1
1	9.52811e+132	1
1	1.10066e+133	1
1	1.27146e+133	1
1	1.46876e+133	1
1	1.69667e+133	1
1	1.95996e+133	1
1	2.26409e+133	1
1	2.61543e+133	1
1	3.02128e+133	1
1	3.4901e+133	1
1	4.03168e+133	1
1	4.6573e+133	1
1	5.38e+133	1
1	6.21484e+133	1
1	7.17923e+133	1
1	8.29327e+133	1
1	9.58018e+133	1
1	1.10668e+134	1
1	1.27841e+134	1
1	1.47679e+134	1
1	1.70595e+134	1
1	1.97067e+134	1
1	2.27647e+134	1
1	2.62972e+134	1
1	3.03779e+134	1
1	3.50918e+134	1
1	4.05372e+134	1
1	4.68275e+134	1
1	5.4094e+134	1
1	6.24881e+134	1
1	7.21847e+134	1
1	8.3386e+134	1
1	9.63254e+134	1
1	1.11273e+135	1
1	1.2854e+135	1
1	1.48486e+135	1
1	1.71527e+135	1
1	1.98144e+135	1
1	2.28891e+135	1
1	2.64409e+135	1
1	3.05439e+135	1
1	3.52836e+135	1
1	4.07587e+135	1
1	4.70835e+135	1
1	5.43897e+135	1
1	6.28296e+135	1
1	7.25792e+135	1
1	8.38417e+135	1
1	9.68519e+135	1
1	1.11881e+136	1
1	1.29242e+136	1
1	1.49297e+136	1
1	1.72465e+136	1
1	1.99227e+136	1
1	2.30142e+136	1
1	2.65854e+136	1
1	3.07108e+136	1
1	3.54764e+136	1
1	4.09815e+136	1
1	4.73408e+136	1
1	5.46869e+136	1
1	6.3173e+136	1
1	7.29759e+136	1
1	8.43e+136	1
1	9.73813e+136	1
1	1.12492e+137	1
1	1.29948e+137	1
1	1.50113e+137	1
1	1.73407e+137	1
1	2.00316e+137	1
1	2.314e+137	1
1	2.67307e+137	1
1	3.08787e+137	1
1	3.56703e+137	1
1	4.12055e+137	1
1	4.75995e+137	1
1	5.49858e+137	1
1	6.35183e+137	1
1	7.33747e+137	1
1	8.47607e+137	1
1	9.79135e+137	1
1	1.13107e+138	1
1	1.30659e+138	1
1	1.50934e+138	1
1	1.74355e+138	1
1	2.01411e+138	1
1	2.32665e+138	1
1	2.68768e+138	1
1	3.10475e+138	1
1	3.58653e+138	1
1	4.14307e+138	1
1	4.78597e+138	1
1	5.52863e+138	1
1	6.38654e+138	1
1	7.37758e+138	1
1	8.5224e+138	1
1	9.84486e+138	1
1	1.13725e+139	1
1	1.31373e+139	1
1	1.51759e+139	1
1	1.75308e+139	1
1	2.02511e+139	1
1	2.33936e+139	1
1	2.70237e+139	1
1	3.12172e+139	1
1	3.60613e+139	1
1	4.16571e+139	1
1	4.81213e+139	1
1	5.55885e+139	1
1	6.42145e+139	1
1	7.4179e+139	1
1	8.56898e+139	1
1	9.89867e+139	1
1	1.14347e+140	1
1	1.32091e+140	1
1	1.52588e+140	1
1	1.76266e+140	1
1	2.03618e+140	1
1	2.35215e+140	1
1	2.71714e+140	1
1	3.13878e+140	1
1	3.62584e+140	1
1	4.18848e+140	1
1	4.83843e+140	1
1	5.58923e+140	1
1	6.45654e+140	1
1	7.45844e+140	1
1	8.61581e+140	1
1	9.95277e+140	1
1	1.14972e+141	1
1	1.32813e+141	1
1	1.53422e+141	1
1	1.77229e+141	1
1	2.04731e+141	1
1	2.365e+141	1
1	2.73199e+141	1
1	3.15593e+141	1
1	3.64565e+141	1
1	4.21137e+141	1
1	4.86487e+141	1
1	5.61978e+141	1
1	6.49183e+141	1
1	7.49921e+141	1
1	8.6629e+141	1
1	1.00072e+142	1
1	1.156e+142	1
1	1.33539e+142	1
1	1.54261e+142	1
1	1.78198e+142	1
1	2.0585e+142	1
1	2.37793e+142	1
1	2.74692e+142	1
1	3.17318e+142	1
1	3.66558e+142	1
1	4.23439e+142	1
1	4.89146e+142	1
1	5.6505e+142	1
1	6.52731e+142	1
1	7.54019e+142	1
1	8.71025e+142	1
1	1.00619e+143	1
1	1.16232e+143	1
1	1.34269e+143	1
1	1.55104e+143	1
1	1.79172e+143	1
1	2.06975e+143	1
1	2.39093e+143	1
1	2.76194e+143	1
1	3.19052e+143	1
1	3.68561e+143	1
1	4.25753e+143	1
1	4.9182e+143	1
1	5.68138e+143	1
1	6.56299e+143	1
1	7.5814e+143	1
1	8.75785e+143	1
1	1.01169e+144	1
1	1.16867e+144	1
1	1.35002e+144	1
1	1.55951e+144	1
1	1.80151e+144	1
1	2.08106e+144	1
1	2.40399e+144	1
1	2.77703e+144	1
1	3.20796e+144	1
1	3.70576e+144	1
1	4.2808e+144	1
1	4.94508e+144	1
1	5.71243e+144	1
1	6.59886e+144	1
1	7.62284e+144	1
1	8.80572e+144	1
1	1.01721e+145	1
1	1.17506e+145	1
1	1.3574e+145	1
1	1.56804e+145	1
1	1.81136e+145	1
1	2.09244e+145	1
1	2.41713e+145	1
1	2.79221e+145	1
1	3.22549e+145	1
1	3.72601e+145	1
1	4.3042e+145	1
1	4.9721e+145	1
1	5.74365e+145	1
1	6.63492e+145	1
1	7.6645e+145	1
1	8.85384e+145	1
1	1.02277e+146	1
1	1.18148e+146	1
1	1.36482e+146	1
1	1.57661e+146	1
1	1.82126e+146	1
1	2.10387e+146	1
1	2.43034e+146	1
1	2.80747e+146	1
1	3.24312e+146	1
1	3.74638e+146	1
1	4.32772e+146	1
1	4.99928e+146	1
1	5.77504e+146	1
1	6.67119e+146	1
1	7.70639e+146	1
1	8.90223e+146	1
1	1.02836e+147	1
1	1.18794e+147	1
1	1.37228e+147	1
1	1.58522e+147	1
1	1.83121e+147	1
1	2.11537e+147	1
1	2.44363e+147	1
1	2.82282e+147	1
1	3.26085e+147	1
1	3.76685e+147	1
1	4.35137e+147	1
1	5.0266e+147	1
1	5.80661e+147	1
1	6.70765e+147	1
1	7.74851e+147	1
1	8.95089e+147	1
1	1.03398e+148	1
1	1.19443e+148	1
1	1.37978e+148	1
1	1.59389e+148	1
1	1.84122e+148	1
1	2.12693e+148	1
1	2.45698e+148	1
1	2.83824e+148	1
1	3.27867e+148	1
1	3.78744e+148	1
1	4.37516e+148	1
1	5.05407e+148	1
1	5.83834e+148	1
1	6.74431e+148	1
1	7.79086e+148	1
1	8.99981e+148	1
1	1.03964e+149	1
1	1.20096e+149	1
1	1.38732e+149	1
1	1.6026e+149	1
1	1.85128e+149	1
1	2.13856e+149	1
1	2.47041e+149	1
1	2.85376e+149	1
1	3.29659e+149	1
1	3.80814e+149	1
1	4.39907e+149	1
1	5.0817e+149	1
1	5.87025e+149	1
1	6.78117e+149	1
1	7.83344e+149	1
1	9.049e+149	1
1	1.04532e+150	1
1	1.20753e+150	1
1	1.3949e+150	1
1	1.61136e+150	1
1	1.8614e+150	1
1	2.15025e+150	1
1	2.48391e+150	1
1	2.86935e+150	1
1	3.31461e+150	1
1	3.82895e+150	1
1	4.42311e+150	1
1	5.10947e+150	1
1	5.90233e+150	1
1	6.81823e+150	1
1	7.87625e+150	1
1	9.09846e+150	1
1	1.05103e+151	1
1	1.21413e+151	1
1	1.40253e+151	1
1	1.62017e+151	1
1	1.87158e+151	1
1	2.162e+151	1
1	2.49749e+151	1
1	2.88504e+151	1
1	3.33272e+151	1
1	3.84988e+151	1
1	4.44729e+151	1
1	5.1374e+151	1
1	5.93459e+151	1
1	6.8555e+151	1
1	7.9193e+151	1
1	9.14818e+151	1
1	1.05678e+152	1
1	1.22076e+152	1
1	1.41019e+152	1
1	1.62902e+152	1
1	1.8818e+152	1
1	2.17381e+152	1
1	2.51114e+152	1
1	2.9008e+152	1
1	3.35094e+152	1
1	3.87092e+152	1
1	4.47159e+152	1
1	5.16547e+152	1
1	5.96703e+152	1
1	6.89297e+152	1
1	7.96258e+152	1
1	9.19818e+152	1
1	1.06255e+153	1
1	1.22743e+153	1
1	1.4179e+153	1
1	1.63792e+153	1
1	1.89209e+153	1
1	2.1857e+153	1
1	2.52486e+153	1
1	2.91666e+153	1
1	3.36925e+153	1
1	3.89208e+153	1
1	4.49603e+153	1
1	5.19371e+153	1
1	5.99964e+153	1
1	6.93064e+153	1
1	8.0061e+153	1
1	9.24845e+153	1
1	1.06836e+154	1
1	1.23414e+154	1
1	-nan	1
1	-nan	1
1	-nan	1
1	-nan	1
1	-nan	1
1	-nan	1
1	-nan	1
1	-nan	1
1	-nan	1
1	-nan	1
1	-nan	1
1	-nan	1
1	-nan	1
1	-nan	1
1	-nan	1
1	-nan	1
1	-nan	1
1	-nan	1
1	-nan	1
1	-nan	1
1	-nan	1
1	-nan	1
1	-nan	1
1	-nan	1
1	-nan	1
1	-nan	1
1	-nan	1
1	-nan	1
1	-nan	1
1	-nan	1
1	-nan	1
1	-nan	1
1	-nan	1
1	-nan	1
1	-nan	1
1	-nan	1
1	-nan	1
1	-nan	1
1	-nan	1
1	-nan	1
1	-nan	1
1	-nan	1
1	-nan	1
1	-nan	1
1	-nan	1
1	-nan	1
1	-nan	1
1	-nan	1
1	-nan	1
1	-nan	1
1	-nan	1
1	-nan	1
1	-nan	1
1	-nan	1
1	-nan	1
1	-nan	1
1	-nan	1
1	-nan	1
1	-nan	1
1	-nan	1
1	-nan	1
1	-nan	1
1	-nan	1
1	-nan	1
1	-nan	1
1	-nan	1
1	-nan	1
1	-nan	1
1	-nan	1
1	-nan	1
1	-nan	1
1	-nan	1
1	-nan	1
1	-nan	1
1	-nan	1
1	-nan	1
1	-nan	1
1	-nan	1
1	-nan	1
1	-nan	1
1	-nan	1
1	-nan	1
1	-nan	1
1	-nan	1
1	-nan	1
1	-nan	1
1	-nan	1
1	-nan	1
1	-nan	1
1	-nan	1
1	-nan	1
1	-nan	1
1	-nan	1
1	-nan	1
1	-nan	1
1	-nan	1
1	-nan	1
1	-nan	1
1	-nan	1
1	-nan	1
1	-nan	1
1	-nan	1
1	-nan	1
1	-nan	1
1	-nan	1
1	-nan	1
1	-nan	1
1	-nan	1
1	-nan	1
1	-nan	1
1	-nan	1
1	-nan	1
1	-nan	1
1	-nan	1
1	-nan	1
1	-nan	1
1	-nan	1
1	-nan	1
1	-nan	1
1	-nan	1
1	-nan	1
1	-nan	1
1	-nan	1
1	-nan	1
1	-nan	1
1	-nan	1
1	-nan	1
1	-nan	1
1	-nan	1
1	-nan	1
1	-nan	1
1	-nan	1
1	-nan	1
1	-nan	1
1	-nan	1
1	-nan	1
1	-nan	1
1	-nan	1
1	-nan	1
1	-nan	1
1	-nan	1
1	-nan	1
1	-nan	1
1	-nan	1
1	-nan	1
1	-nan	1
1	-nan	1
1	-nan	1
1	-nan	1
1	-nan	1
1	-nan	1
1	-nan	1
1	-nan	1
1	-nan	1
1	-nan	1
1	-nan	1
1	-nan	1
1	-nan	1
1	-nan	1
1	-nan	1
1	-nan	1
1	-nan	1
1	-nan	1
1	-nan	1
1	-nan	1
1	-nan	1
1	-nan	1
1	-nan	1
1	-nan	1
1	-nan	1
1	-nan	1
1	-nan	1
1	-nan	1
1	-nan	1
1	-nan	1
1	-nan	1
1	-nan	1
1	-nan	1
1	-nan	1
1	-nan	1
1	-nan	1
1	-nan	1
1	-nan	1
1	-nan	1
1	-nan	1
1	-nan	1
1	-nan	1
1	-nan	1
1	-nan	1
1	-nan	1
1	-nan	1
1	-nan	1
1	-nan	1
1	-nan	1
1	-nan	1
1	-nan	1
1	-nan	1
1	-nan	1
1	-nan	1
1	-nan	1
1	-nan	1
1	-nan	1
1	-nan	1
1	-nan	1
1	-nan	1
1	-nan	1
1	-nan	1
1	-nan	1
1	-nan	1
1	-nan	1
1	-nan	1
1	-nan	1
1	-nan	1
1	-nan	1
1	-nan	1
1	-nan	1
1	-nan	1
1	-nan	1
1	-nan	1
1	-nan	1
1	-nan	1
1	-nan	1
1	-nan	1
1	-nan	1
1	-nan	1
1	-nan	1
1	-nan	1
1	-nan	1
1	-nan	1
1.00001	-nan	1
1.00003	-nan	1
1.00013	-nan	1
1.00059	-nan	1
1.00266	-nan	1
1.01195	-nan	1
1.05378	-nan	1
1.24203	-nan	1
2.08913	-nan	1
5.90109	-nan	1
20	-nan	1
